100
2 1
2 2
3 1
3 2
10 5
100000 1
100000 100000
100000 50000
80193 63989
87627 64665
95598 71437
94704 25667
93944 92513
82894 55759
94107 31144
89914 83234
95639 77344
87781 33320
81645 66148
80414 58813
80989 8237
85853 44081
99458 76594
98963 75634
81693 25753
89762 12286
93682 51759
86810 37110
87190 74600
87681 38865
99607 53709
98278 35627
83871 25692
81338 668
88071 16119
81115 4914
93468 75504
89657 27222
91771 1119
98195 22183
80708 7103
81522 55304
91989 11502
89812 71361
91036 32849
80369 79926
82660 13322
82399 60908
99927 26976
95482 24291
97389 89383
81660 48924
92571 14327
99213 8144
85131 49893
97062 85815
81161 54202
98774 10923
82132 23527
92131 5728
83849 13230
94870 45623
88154 46393
89502 18900
91631 37576
89082 46618
81871 27870
85050 72023
81722 75767
94548 57108
85572 78472
80983 9651
96707 30936
82028 20852
93636 64358
84447 68785
81440 32640
99597 95559
82555 70910
98947 8994
99383 32706
98947 8052
98919 20701
85743 67381
92034 652
80110 16445
80052 29106
85222 45318
90345 72236
81210 33344
90085 64261
95751 59202
88079 81742
80048 58404
82017 17544
80209 8248
88279 26801
89763 6772
84684 75298
82656 63123
