100
2 1
2 2
3 1
3 2
10 5
100 1
100 100
100 50
80 64
88 65
96 72
95 26
94 93
83 56
94 32
90 84
96 78
88 34
81 66
80 59
81 9
86 45
100 78
99 76
81 26
90 13
94 52
87 38
87 75
88 40
100 54
99 36
84 26
81 1
88 17
81 5
94 76
90 28
92 2
99 23
80 8
81 55
92 12
90 72
91 33
80 80
82 14
82 61
100 27
96 25
98 90
81 49
93 15
100 9
85 50
97 86
99 11
82 24
92 6
84 14
95 46
88 47
89 19
92 38
89 47
81 28
85 72
81 76
95 58
85 78
81 10
97 32
82 21
94 65
84 69
81 33
100 96
82 71
99 9
100 33
99 21
86 68
92 1
80 17
80 30
85 46
81 34
90 65
96 60
88 82
82 18
80 9
88 27
90 7
84 75
82 63
87 1
88 80
98 74
98 5
