100
96 3 278517289977513379
36 50 0
1 14 13
18 26 4
92 31 9027524826
84 86 3
77 79 2
3 4 2
47 48 0
57 59 2
35 36 0
39 40 0
16 17 2
25 26 2
52 53 0
18 19 0
66 67 1
60 61 0
54 55 0
10 13 2
29 31 0
88 89 0
75 76 1
62 63 2
21 22 0
64 65 2
73 74 1
81 82 2
1 2 2
27 28 0
33 34 0
71 72 2
69 70 1
23 24 0
91 92 2
5 6 2
95 23 99993660295501
20 24 1
40 42 0
50 56 1
25 30 4
44 45 1
86 88 1
16 18 3
46 47 2
82 83 1
74 75 0
59 60 1
69 73 5
77 81 2
94 95 1
35 37 1
84 85 2
9 12 0
31 33 0
13 14 0
91 93 2
61 62 1
1 2 1
4 6 2
100 1 1000000000000000000
1 1 1
97 6 480113506142524440
18 22 1
44 47 4
29 35 2
61 76 13
85 92 2
39 41 3
93 18 4085953878313
83 91 5
4 10 7
40 41 2
30 32 3
37 39 1
1 2 0
57 60 4
24 25 0
43 46 2
71 73 0
63 65 3
74 77 2
47 51 0
78 81 3
17 20 3
35 36 2
55 56 2
14 16 2
98 7 662506627225905821
81 96 3
16 22 7
44 48 3
42 43 2
29 33 4
1 11 8
52 64 13
93 8 207706780
71 86 0
31 46 0
21 36 3
61 76 1
51 66 4
1 16 1
11 26 5
41 56 2
99 30 3201581158
72 73 1
13 14 0
80 83 4
45 46 1
10 12 1
40 41 1
22 23 1
15 21 1
94 96 3
92 93 0
8 9 2
47 49 0
50 51 2
70 71 0
85 86 2
1 5 2
35 37 0
24 28 0
32 34 3
87 88 0
62 64 1
97 98 0
56 57 1
74 76 3
38 39 2
59 61 3
68 69 0
52 53 2
6 7 1
42 44 2
95 8 1067852192145
51 66 4
31 46 3
61 76 0
11 26 5
71 86 3
41 56 1
1 16 3
21 36 3
92 17 117736136213117145
69 73 2
36 38 1
56 62 2
43 45 0
9 16 5
84 91 5
3 6 3
79 80 2
53 54 1
25 26 0
27 28 0
81 83 3
21 24 3
74 78 4
30 32 2
46 47 2
40 41 1
99 9 6896465975
1 16 3
41 56 1
61 76 2
51 66 2
31 46 0
81 96 2
11 26 5
21 36 0
71 86 2
97 9 253116955988
71 86 4
31 46 2
81 96 5
21 36 2
41 56 0
61 76 3
51 66 1
11 26 2
1 16 1
95 41 9935603
55 57 3
26 28 1
44 46 1
14 16 0
92 93 1
7 8 0
17 19 0
85 86 1
9 10 0
82 84 1
47 48 1
77 78 1
73 74 0
94 95 1
53 54 1
38 39 0
90 91 0
20 21 1
58 59 0
60 61 0
71 72 0
87 89 2
22 23 2
29 30 1
79 81 1
24 25 2
11 12 2
40 41 1
3 4 1
69 70 2
51 52 2
1 2 0
65 66 0
75 76 1
35 37 1
5 6 2
31 32 1
33 34 2
63 64 2
67 68 0
42 43 2
93 8 45223359459738
51 66 1
31 46 4
71 86 2
11 26 4
61 76 2
21 36 2
1 16 5
41 56 2
99 46 15955
54 55 0
88 89 1
48 49 0
77 78 2
17 18 0
90 91 0
31 33 0
7 8 0
15 16 2
22 23 0
82 83 0
64 65 2
79 80 1
62 63 2
44 45 2
84 85 2
24 26 2
40 41 2
19 21 1
38 39 2
46 47 2
34 35 0
3 4 1
94 95 2
98 99 1
75 76 0
1 2 2
58 59 2
96 97 2
5 6 1
11 12 2
60 61 0
72 73 1
67 68 1
29 30 2
50 51 0
86 87 1
70 71 1
27 28 0
9 10 1
36 37 2
52 53 0
13 14 0
92 93 0
56 57 1
42 43 2
97 9 35841871944
1 16 3
71 86 0
11 26 4
41 56 1
51 66 4
81 96 1
61 76 5
31 46 1
21 36 2
93 23 12248013215
2 3 2
41 42 0
34 36 1
80 81 0
90 92 3
47 51 5
87 89 0
29 31 2
38 39 0
73 74 0
75 77 1
44 46 0
26 28 0
59 61 1
15 16 0
67 70 4
57 58 2
10 14 5
82 84 0
4 7 0
63 65 2
23 24 2
78 79 2
97 9 2749595344
71 86 1
81 96 1
51 66 1
21 36 1
1 16 4
11 26 4
31 46 1
41 56 4
61 76 0
100 1 300563286847172454
73 88 2
93 6 515502125142323324
83 90 7
75 76 0
44 51 5
55 70 3
79 80 2
34 37 3
93 8 2156948543
11 26 1
31 46 1
41 56 4
61 76 4
71 86 0
1 16 3
51 66 2
21 36 5
95 15 177089714716176484
39 40 1
72 73 0
30 35 2
45 46 1
74 78 4
90 94 0
7 8 0
19 21 1
79 81 3
84 86 0
51 66 3
67 68 1
23 24 1
15 18 1
41 44 1
91 1 489313588621783483
27 37 1
100 1 651223025819945332
74 89 11
99 9 121419638335855
11 26 3
71 86 2
21 36 2
41 56 5
51 66 2
81 96 3
1 16 5
61 76 5
31 46 1
100 17 473304966359117899
36 37 2
13 19 7
25 29 3
3 10 7
61 63 1
96 97 2
50 51 2
59 60 2
73 74 1
79 81 1
30 32 0
21 23 1
43 45 3
46 47 2
54 55 1
38 40 1
67 69 3
99 9 422232391273
31 46 3
51 66 2
41 56 4
71 86 2
21 36 4
1 16 2
81 96 2
11 26 0
61 76 1
92 8 2328899351
71 86 2
51 66 1
11 26 0
61 76 0
1 16 5
21 36 3
31 46 1
41 56 3
96 7 388366786576551249
54 61 4
79 85 5
66 74 2
31 38 3
23 27 2
42 44 2
15 22 2
99 9 3706088923017729
31 46 5
21 36 3
1 16 4
71 86 1
61 76 1
41 56 4
51 66 3
11 26 3
81 96 3
99 14 27857325929900
65 75 6
9 13 3
34 40 7
59 62 4
31 33 1
22 25 3
47 51 2
86 87 2
52 58 0
4 8 5
88 98 11
77 78 0
79 81 0
27 28 2
99 9 18171880
51 66 2
81 96 2
71 86 2
31 46 0
41 56 2
1 16 0
61 76 4
21 36 0
11 26 0
100 9 651235703939
41 56 3
31 46 5
11 26 5
71 86 3
1 16 1
61 76 0
81 96 2
51 66 1
21 36 5
98 19 96467499674491
92 95 2
84 88 4
65 69 5
49 50 0
15 18 4
25 28 0
38 39 2
19 20 1
3 7 4
40 42 0
9 12 3
51 53 3
21 24 0
45 48 0
29 30 2
82 83 2
13 14 1
57 59 2
74 81 4
97 9 9415900958844
81 96 2
1 16 2
61 76 4
41 56 2
11 26 4
71 86 5
51 66 5
31 46 4
21 36 1
96 33 9607079632
89 91 1
86 87 1
32 34 1
4 7 0
17 18 1
84 85 1
24 25 1
72 75 3
22 23 2
8 9 1
48 49 2
62 63 1
1 3 3
52 55 1
59 60 0
70 71 1
95 96 2
64 65 2
92 94 3
57 58 1
37 39 3
28 31 1
41 45 5
10 11 1
13 15 2
35 36 1
68 69 1
26 27 0
66 67 2
80 83 0
77 78 2
19 20 2
46 47 1
95 8 160562868
71 86 0
21 36 2
31 46 3
41 56 1
11 26 4
51 66 3
61 76 0
1 16 1
93 18 2685174323694862
61 64 1
66 69 2
16 20 5
1 2 0
54 55 1
51 53 2
57 58 1
87 90 0
8 14 2
6 7 1
84 86 1
74 75 0
22 23 0
36 38 3
25 26 1
46 50 0
40 44 1
70 71 2
92 16 196508528314874
89 90 1
9 14 6
41 43 0
83 85 1
44 47 4
6 7 0
76 79 4
24 25 1
34 38 0
80 81 0
16 17 0
26 31 1
87 88 1
60 61 2
67 72 2
20 21 2
94 44 80518
93 94 2
24 25 2
12 13 1
34 35 0
16 17 1
84 85 2
80 81 0
26 27 1
65 66 1
63 64 0
73 75 1
36 37 0
42 43 2
48 50 1
32 33 1
82 83 1
59 60 0
18 19 1
67 68 0
86 88 1
10 11 2
3 4 2
1 2 2
71 72 0
40 41 2
55 56 0
7 9 3
46 47 2
91 92 0
53 54 0
28 29 2
14 15 2
69 70 2
89 90 0
22 23 0
30 31 0
57 58 0
51 52 2
44 45 0
38 39 1
78 79 0
76 77 1
61 62 2
5 6 1
100 44 8387242
16 17 1
36 38 2
13 14 0
34 35 0
46 47 2
82 83 0
93 94 0
49 50 0
67 68 2
73 74 0
76 77 2
62 63 0
39 40 1
41 42 1
32 33 2
80 81 0
78 79 0
71 72 0
1 3 0
65 66 0
10 12 1
69 70 2
25 26 2
8 9 1
4 5 1
95 96 0
86 87 2
57 58 2
84 85 0
60 61 1
18 20 3
27 29 1
91 92 0
99 100 0
97 98 1
55 56 2
30 31 1
21 22 1
88 89 0
51 52 1
6 7 1
53 54 2
44 45 1
23 24 2
92 21 11967741730779
34 37 2
73 75 1
48 49 0
4 5 0
81 84 1
89 90 1
24 25 2
39 40 1
17 18 1
15 16 1
20 21 1
58 65 8
91 92 0
41 45 4
51 56 3
28 33 2
85 88 3
8 14 6
46 47 0
66 69 1
76 80 5
97 45 171416
86 87 0
67 68 0
57 58 1
92 94 3
46 47 1
23 24 0
36 37 1
50 51 0
34 35 2
65 66 1
32 33 1
1 2 2
5 6 2
13 14 1
28 29 1
80 81 1
11 12 1
69 71 0
63 64 0
48 49 2
82 83 2
38 39 1
78 79 1
90 91 2
42 43 0
44 45 1
15 16 0
7 8 2
55 56 2
76 77 2
40 41 1
84 85 1
30 31 1
59 60 0
74 75 2
88 89 1
95 97 0
72 73 2
9 10 0
61 62 1
17 18 1
52 54 0
3 4 2
25 27 0
20 21 2
97 11 18534415116339210
1 2 2
55 66 5
96 97 2
9 12 1
22 24 2
25 28 2
48 53 5
30 38 9
72 75 2
15 20 6
87 92 6
91 15 19981442937627
46 48 3
13 17 3
10 11 1
50 57 0
63 69 5
60 62 0
76 77 2
18 21 0
81 83 2
73 74 0
88 89 2
27 37 9
70 72 1
22 24 3
4 9 1
92 8 1944426043490
21 36 0
11 26 3
71 86 1
51 66 5
61 76 4
31 46 1
41 56 5
1 16 4
96 9 11013703549
61 76 1
81 96 1
11 26 2
31 46 4
71 86 5
41 56 2
1 16 1
21 36 5
51 66 4
93 8 52734030
41 56 1
51 66 0
31 46 4
1 16 1
21 36 3
11 26 5
71 86 0
61 76 0
94 8 103586063205
21 36 3
51 66 2
61 76 3
41 56 1
1 16 1
11 26 0
71 86 2
31 46 3
92 31 21129376983
21 22 1
76 79 3
5 6 1
82 83 2
3 4 0
63 64 2
88 90 1
37 39 2
57 58 2
9 11 2
91 92 1
26 28 0
69 72 2
74 75 2
14 16 1
35 36 0
84 85 2
46 50 3
80 81 1
23 25 1
40 41 1
66 67 2
59 60 1
1 2 1
17 20 3
54 56 0
29 34 6
61 62 2
7 8 0
52 53 2
42 44 2
92 8 97247203324
11 26 1
51 66 4
41 56 2
1 16 0
71 86 2
21 36 4
31 46 2
61 76 3
95 8 13306789602
11 26 1
31 46 2
1 16 1
61 76 4
71 86 0
41 56 4
51 66 2
21 36 5
94 8 95394594414289
51 66 2
31 46 4
61 76 1
1 16 4
41 56 5
71 86 1
21 36 2
11 26 4
95 8 601278993797804620
70 85 10
94 95 0
38 52 3
3 4 2
7 11 5
25 31 2
22 23 2
18 21 4
93 8 686524243274
31 46 1
11 26 0
41 56 5
61 76 2
1 16 3
21 36 5
71 86 4
51 66 4
95 8 256336641
31 46 1
71 86 1
51 66 0
11 26 2
41 56 5
21 36 1
1 16 4
61 76 5
92 8 1747389236
1 16 1
41 56 2
31 46 1
51 66 2
11 26 0
71 86 2
61 76 1
21 36 3
96 9 44422697800
51 66 5
1 16 4
61 76 3
71 86 0
81 96 1
21 36 4
31 46 0
41 56 4
11 26 2
91 8 13453411112140
61 76 3
21 36 1
1 16 5
41 56 3
71 86 2
31 46 4
51 66 2
11 26 1
95 13 37504328993362
7 18 1
55 57 0
33 35 0
37 48 10
87 91 4
70 75 0
24 29 1
20 22 0
93 95 3
64 69 1
59 62 0
4 6 1
82 85 3
100 8 668242460506069589
58 59 2
5 20 3
26 30 3
80 81 2
32 35 2
36 40 2
61 74 0
42 50 8
97 9 296728414750
41 56 4
31 46 3
51 66 3
61 76 2
11 26 5
21 36 2
81 96 3
71 86 2
1 16 2
95 14 169450283803381651
87 89 3
62 70 2
81 82 0
18 20 3
73 76 3
51 59 1
32 37 6
1 3 2
85 86 1
4 6 2
43 45 1
46 47 2
22 31 3
9 14 3
98 6 8763414103862387
35 50 16
12 17 3
22 28 0
65 80 0
86 95 6
96 98 1
95 8 3573991033637
41 56 2
71 86 0
31 46 2
61 76 1
11 26 4
21 36 3
51 66 2
1 16 3
93 8 117024658
51 66 1
61 76 2
11 26 4
31 46 0
21 36 0
41 56 1
71 86 2
1 16 2
96 9 210646788935
41 56 2
71 86 3
11 26 5
81 96 3
61 76 1
21 36 1
51 66 2
1 16 3
31 46 5
92 30 220077698942
85 88 4
25 26 1
17 18 2
1 2 2
91 92 0
65 67 2
20 21 1
63 64 2
69 70 2
53 55 0
74 77 0
78 79 1
83 84 2
47 48 1
10 14 3
8 9 2
32 34 1
39 41 2
15 16 2
60 61 0
35 36 0
80 81 1
29 30 2
71 72 0
43 44 1
49 52 1
58 59 1
89 90 2
6 7 1
37 38 1
96 9 96967420774415
1 16 5
11 26 2
61 76 4
31 46 2
81 96 5
21 36 0
41 56 3
51 66 2
71 86 5
98 9 268125999138
41 56 4
21 36 2
31 46 4
11 26 4
81 96 1
51 66 4
1 16 1
61 76 1
71 86 4
94 8 14225094119901756
21 36 5
51 66 5
41 56 4
31 46 5
1 16 4
71 86 3
61 76 4
11 26 0
91 17 7936477598024
33 38 1
47 48 0
17 18 2
13 14 0
19 21 0
64 70 7
26 29 3
23 24 2
11 12 2
62 63 1
55 56 0
71 79 1
49 50 2
51 52 1
9 10 2
42 44 3
1 2 1
93 8 724099457738
71 86 4
61 76 5
11 26 4
51 66 0
31 46 4
1 16 3
41 56 1
21 36 1
98 9 453087921
71 86 1
51 66 0
21 36 4
41 56 0
1 16 5
11 26 0
81 96 3
31 46 2
61 76 1
96 9 2700988539
51 66 5
71 86 1
31 46 1
11 26 1
81 96 0
41 56 1
1 16 5
61 76 5
21 36 4
92 8 508021090622821
11 26 3
41 56 3
21 36 4
51 66 4
61 76 4
1 16 1
71 86 2
31 46 5
95 21 1964569763939
6 10 1
56 59 0
88 89 0
45 48 4
64 65 2
14 15 2
4 5 0
16 18 1
82 86 1
11 12 0
90 91 0
77 78 1
61 62 2
28 31 4
93 94 0
32 37 2
20 27 7
38 42 4
68 70 3
75 76 0
1 2 1
95 8 9573704997
61 76 0
71 86 0
1 16 0
11 26 5
31 46 5
51 66 5
41 56 5
21 36 3
100 100 1
1 1 1
2 2 1
3 3 1
4 4 0
5 5 1
6 6 1
7 7 1
8 8 1
9 9 1
10 10 1
11 11 1
12 12 0
13 13 1
14 14 1
15 15 0
16 16 0
17 17 0
18 18 1
19 19 1
20 20 0
21 21 0
22 22 0
23 23 0
24 24 0
25 25 1
26 26 0
27 27 0
28 28 0
29 29 1
30 30 1
31 31 0
32 32 1
33 33 1
34 34 1
35 35 0
36 36 1
37 37 0
38 38 1
39 39 1
40 40 0
41 41 0
42 42 1
43 43 1
44 44 0
45 45 0
46 46 1
47 47 1
48 48 0
49 49 0
50 50 0
51 51 1
52 52 0
53 53 1
54 54 1
55 55 0
56 56 1
57 57 1
58 58 1
59 59 1
60 60 1
61 61 1
62 62 1
63 63 0
64 64 1
65 65 0
66 66 1
67 67 1
68 68 0
69 69 0
70 70 1
71 71 1
72 72 0
73 73 0
74 74 1
75 75 0
76 76 1
77 77 1
78 78 1
79 79 0
80 80 0
81 81 1
82 82 0
83 83 1
84 84 0
85 85 0
86 86 0
87 87 1
88 88 1
89 89 0
90 90 0
91 91 1
92 92 1
93 93 0
94 94 0
95 95 0
96 96 0
97 97 1
98 98 0
99 99 0
100 100 0
100 9 3691944641892415
51 66 3
71 86 5
21 36 5
61 76 1
41 56 4
1 16 5
81 96 5
31 46 3
11 26 1
99 3 566659129184173440
80 95 7
18 28 5
67 72 4
91 8 6549782205
11 26 2
31 46 2
71 86 2
51 66 1
21 36 3
61 76 0
41 56 0
1 16 3
92 32 163636813
42 43 2
74 75 2
15 16 2
29 30 2
11 12 1
61 65 1
59 60 0
22 25 0
79 80 0
53 55 1
70 71 0
44 45 0
26 28 2
68 69 1
48 50 1
37 38 2
31 32 0
3 4 0
90 92 0
20 21 1
57 58 2
85 86 1
51 52 2
87 89 3
34 36 0
66 67 2
77 78 0
13 14 2
1 2 0
6 8 1
81 82 2
17 19 0
97 18 19101750069322
11 12 1
72 73 0
49 51 0
15 18 4
24 27 4
54 55 2
37 43 1
93 95 3
60 70 2
19 22 0
5 6 2
81 83 3
88 92 5
31 32 0
13 14 0
74 78 2
33 35 2
28 29 2
99 9 30294530960931381
21 36 5
41 56 0
81 96 4
51 66 3
31 46 3
11 26 4
71 86 3
1 16 5
61 76 5
99 3 716983085500070993
53 67 8
32 47 16
77 89 8
95 46 3758152
80 81 2
26 27 1
16 17 1
1 2 0
22 23 0
10 11 0
39 40 1
24 25 1
43 44 0
74 75 0
35 36 1
49 50 1
33 34 2
28 29 0
76 77 0
47 48 2
88 89 2
92 93 1
84 85 1
82 83 1
62 63 1
18 19 1
60 61 2
68 69 2
14 15 1
3 4 2
31 32 1
86 87 0
5 6 1
45 46 1
12 13 1
94 95 1
53 54 1
55 57 3
66 67 1
37 38 0
90 91 2
72 73 2
58 59 0
20 21 2
51 52 0
70 71 1
78 79 2
41 42 0
64 65 1
7 9 3
100 9 155974461944
21 36 2
61 76 1
41 56 5
51 66 0
1 16 3
71 86 4
81 96 2
31 46 3
11 26 1
96 47 19883
77 78 0
43 44 2
75 76 1
11 12 2
83 84 2
1 2 2
47 48 2
19 20 0
63 64 1
53 54 1
41 42 1
3 4 2
59 60 0
69 70 0
89 90 0
85 86 1
81 82 0
95 96 1
5 6 2
31 32 2
87 88 1
17 18 0
21 22 0
25 26 2
71 72 1
37 38 0
93 94 1
55 56 0
67 68 0
51 52 2
33 34 0
57 58 1
15 16 2
65 66 0
27 28 0
29 30 2
7 8 0
9 10 1
13 14 1
35 36 2
61 62 0
49 50 2
91 92 2
73 74 0
79 80 0
23 24 1
45 46 0
93 8 11518547
41 56 2
21 36 0
31 46 0
71 86 0
1 16 4
51 66 2
61 76 2
11 26 0
95 8 75019535094711
51 66 1
41 56 5
71 86 3
31 46 5
11 26 4
1 16 1
61 76 1
21 36 3
94 18 609868478151781226
79 81 3
72 73 1
85 87 2
31 32 1
10 11 0
56 62 3
2 4 1
13 14 0
52 54 1
49 50 0
23 26 1
45 48 1
66 68 3
42 44 2
64 65 1
92 93 2
19 22 1
74 78 3
91 15 21158959718571720
66 72 7
17 32 10
58 59 2
88 90 1
11 12 2
54 55 1
63 64 0
8 9 2
13 15 1
73 74 2
39 43 2
48 51 1
35 37 3
75 78 4
45 46 1
91 35 507956
84 85 0
52 53 2
71 73 3
12 13 1
35 36 2
14 15 2
20 21 0
33 34 2
74 75 2
16 19 0
43 46 3
22 25 4
69 70 1
1 2 0
8 9 0
66 68 3
31 32 0
40 42 1
90 91 1
76 77 1
80 81 2
10 11 1
3 4 2
88 89 2
29 30 2
64 65 2
61 62 0
56 59 2
78 79 0
5 7 3
47 48 2
26 28 3
50 51 1
86 87 2
82 83 0
99 19 5219996710341065
97 98 1
51 52 2
42 45 3
2 5 4
88 90 0
92 95 2
9 11 0
62 66 2
22 24 3
86 87 1
12 15 3
30 35 6
68 70 0
55 56 0
46 49 3
38 39 0
53 54 2
71 80 7
57 59 2
92 44 1906
21 22 2
85 86 0
9 10 2
89 90 1
54 55 2
83 84 2
81 82 0
91 92 0
17 18 0
64 65 1
5 6 1
48 49 0
38 39 2
34 35 1
40 41 2
28 29 2
25 26 2
58 59 0
30 31 0
46 47 1
79 80 2
11 12 0
70 71 1
23 24 0
44 45 1
66 67 2
62 63 2
42 43 0
36 37 0
19 20 2
52 53 0
60 61 2
7 8 2
1 2 1
68 69 2
32 33 2
15 16 1
50 51 1
13 14 1
74 75 1
56 57 1
76 78 3
3 4 2
87 88 0
92 8 527119757
51 66 0
71 86 3
41 56 3
11 26 4
1 16 1
31 46 1
61 76 0
21 36 4
94 8 37896601807103
21 36 3
51 66 2
31 46 0
61 76 3
41 56 3
1 16 3
71 86 4
11 26 5
92 8 2140389922
61 76 0
31 46 0
51 66 3
71 86 1
1 16 4
11 26 2
41 56 5
21 36 5
