100
97 92 17
82 82 1
3 3 0
52 52 1
38 38 1
40 40 0
36 36 0
51 51 0
83 83 1
76 76 1
4 4 0
85 85 1
60 60 1
73 73 0
35 35 1
39 39 1
72 72 0
5 5 0
37 37 0
81 81 1
64 64 1
97 97 0
88 88 1
78 78 1
70 70 0
11 11 1
71 71 0
42 42 0
87 87 0
96 96 0
12 12 1
27 27 0
90 90 1
1 1 1
94 94 0
43 43 1
24 24 0
34 34 0
75 75 0
6 6 1
79 79 0
21 21 0
54 54 0
14 14 0
13 13 1
15 15 0
19 19 1
55 55 1
74 74 1
65 65 0
59 59 1
68 68 0
16 16 1
20 20 1
84 84 1
28 28 0
89 89 1
80 80 1
2 2 1
41 41 0
9 9 0
33 33 0
45 45 0
77 77 1
26 26 0
10 10 1
53 53 1
92 92 0
7 7 1
44 44 0
66 66 1
31 31 1
61 61 0
25 25 1
50 50 1
58 58 1
22 22 0
57 57 1
95 95 1
91 91 0
30 30 1
49 49 0
67 67 0
23 23 0
63 63 1
62 62 0
86 86 1
48 48 1
69 69 1
29 29 0
8 8 1
17 17 1
93 93 1
98 82 39005
63 63 0
74 74 0
85 85 1
22 22 1
82 82 0
60 60 1
79 79 1
2 2 1
56 56 0
46 46 1
83 83 0
65 65 1
57 57 1
44 44 0
73 73 1
55 55 0
5 5 1
90 90 0
24 24 0
54 54 0
91 91 0
66 66 1
96 96 0
59 59 1
67 67 0
8 8 0
25 25 0
36 36 1
70 70 1
68 68 1
84 84 1
78 78 0
51 51 0
88 88 0
89 89 0
33 33 0
29 29 1
97 97 1
18 18 0
16 16 1
37 37 0
49 49 0
80 80 1
71 71 0
86 86 0
3 3 0
61 61 1
69 69 1
50 50 1
38 38 0
76 76 0
98 98 1
30 30 0
10 10 1
81 81 0
26 26 1
1 1 0
9 9 0
11 11 1
47 47 0
48 48 1
64 64 1
23 23 0
58 58 0
77 77 1
20 20 0
19 19 0
39 39 0
32 32 1
42 42 1
28 28 1
17 17 0
27 27 0
7 7 0
40 40 1
31 31 0
72 72 1
87 87 0
75 75 0
43 43 1
93 93 1
15 15 1
97 27 122392113721939383
78 78 1
10 10 0
69 69 1
79 79 1
36 36 1
42 42 0
63 63 0
14 14 1
96 96 1
39 39 1
13 13 1
84 84 1
41 41 0
95 95 0
91 91 0
92 92 0
11 11 0
57 57 1
16 16 1
22 22 1
81 81 0
8 8 0
74 74 0
87 87 0
21 21 0
94 94 1
44 44 0
100 81 196054
48 48 1
21 21 1
71 71 1
39 39 1
36 36 1
28 28 1
57 57 0
12 12 0
92 92 1
67 67 1
43 43 1
20 20 0
26 26 1
9 9 0
80 80 1
82 82 1
4 4 1
84 84 1
16 16 1
7 7 1
52 52 0
93 93 0
44 44 0
13 13 1
95 95 0
14 14 1
96 96 1
77 77 1
89 89 1
47 47 0
27 27 1
74 74 1
83 83 0
15 15 0
10 10 1
72 72 0
49 49 0
98 98 0
62 62 1
54 54 0
90 90 0
81 81 0
97 97 0
38 38 0
59 59 0
42 42 0
100 100 0
37 37 0
66 66 0
88 88 1
24 24 1
8 8 1
23 23 0
73 73 0
63 63 1
2 2 0
87 87 0
94 94 1
22 22 1
69 69 0
5 5 1
70 70 0
35 35 1
68 68 0
75 75 1
79 79 0
56 56 0
86 86 1
60 60 0
1 1 0
19 19 1
29 29 1
85 85 0
50 50 0
99 99 0
6 6 1
53 53 1
91 91 1
40 40 1
30 30 1
64 64 1
95 85 421
71 71 1
82 82 1
47 47 0
55 55 0
2 2 0
87 87 0
50 50 0
80 80 0
17 17 0
59 59 0
25 25 1
35 35 0
94 94 1
72 72 1
49 49 0
81 81 0
64 64 0
10 10 0
76 76 0
14 14 1
70 70 1
61 61 1
66 66 0
46 46 1
22 22 1
91 91 1
54 54 1
40 40 0
73 73 1
24 24 1
38 38 0
56 56 0
42 42 1
83 83 1
93 93 0
43 43 0
95 95 1
62 62 1
37 37 0
51 51 0
65 65 0
6 6 1
53 53 0
28 28 1
63 63 0
78 78 1
41 41 1
77 77 1
52 52 1
74 74 1
20 20 1
12 12 0
79 79 1
31 31 1
68 68 0
19 19 1
33 33 1
86 86 1
13 13 0
57 57 1
23 23 1
39 39 0
75 75 0
8 8 0
1 1 1
7 7 0
48 48 1
88 88 0
45 45 1
89 89 1
32 32 0
60 60 1
9 9 1
3 3 1
5 5 0
69 69 0
92 92 1
4 4 0
15 15 1
85 85 1
58 58 1
30 30 0
67 67 0
44 44 0
34 34 1
95 80 5689
90 90 1
64 64 0
27 27 0
15 15 0
94 94 0
87 87 0
56 56 0
80 80 0
49 49 1
36 36 1
68 68 1
18 18 0
57 57 1
55 55 0
66 66 1
61 61 1
81 81 0
65 65 1
43 43 0
7 7 1
79 79 0
1 1 1
67 67 1
70 70 0
25 25 0
3 3 1
78 78 0
63 63 1
29 29 0
40 40 0
20 20 1
10 10 0
22 22 1
91 91 1
71 71 0
60 60 0
52 52 1
34 34 1
50 50 1
11 11 1
6 6 0
12 12 1
93 93 0
45 45 0
41 41 1
5 5 0
2 2 1
84 84 0
32 32 1
82 82 1
42 42 1
46 46 0
23 23 1
17 17 1
62 62 0
86 86 0
83 83 0
73 73 1
4 4 0
13 13 1
53 53 1
85 85 1
16 16 1
31 31 0
47 47 1
88 88 0
58 58 1
48 48 1
8 8 1
33 33 0
39 39 1
74 74 1
69 69 0
35 35 1
75 75 0
38 38 1
76 76 1
37 37 0
44 44 1
51 51 1
99 21 769192183470900432
40 40 1
17 17 0
78 78 1
55 55 0
52 52 1
62 62 1
71 71 1
9 9 1
11 11 0
44 44 1
65 65 1
39 39 0
84 84 1
33 33 1
12 12 0
49 49 1
43 43 1
4 4 0
81 81 1
20 20 1
72 72 0
94 54 805469418262
54 54 0
85 85 0
28 28 1
68 68 0
55 55 0
15 15 1
87 87 0
90 90 0
11 11 1
84 84 1
49 49 0
63 63 0
29 29 1
1 1 0
69 69 0
50 50 1
35 35 1
33 33 1
43 43 1
31 31 1
38 38 0
16 16 0
44 44 1
73 73 1
39 39 1
40 40 1
48 48 0
89 89 0
51 51 1
24 24 0
30 30 1
19 19 0
23 23 1
41 41 1
14 14 0
94 94 0
46 46 1
58 58 0
82 82 0
36 36 1
88 88 0
20 20 1
17 17 1
52 52 0
93 93 0
42 42 0
4 4 1
80 80 1
61 61 1
70 70 0
3 3 0
32 32 0
81 81 0
76 76 1
5 1 7
5 5 0
97 37 504836183388878179
65 65 0
61 61 1
68 68 1
76 76 0
36 36 1
32 32 1
13 13 1
5 5 1
11 11 0
43 43 0
82 82 0
4 4 0
3 3 1
45 45 0
97 97 1
85 85 1
8 8 1
41 41 1
37 37 0
19 19 0
95 95 1
92 92 1
16 16 1
60 60 0
9 9 1
88 88 0
44 44 1
54 54 0
7 7 1
77 77 0
15 15 0
83 83 1
90 90 0
89 89 0
2 2 1
55 55 1
35 35 1
92 31 83054245419316875
13 13 1
31 31 0
72 72 0
38 38 0
53 53 0
29 29 0
83 83 0
62 62 0
25 25 0
55 55 0
4 4 0
22 22 0
3 3 1
59 59 1
60 60 1
33 33 0
51 51 1
27 27 1
79 79 0
67 67 0
44 44 1
32 32 0
35 35 1
16 16 1
41 41 0
36 36 1
91 91 1
18 18 0
89 89 1
8 8 0
75 75 0
97 27 134997934240372960
77 77 1
5 5 0
54 54 1
27 27 0
32 32 0
51 51 0
89 89 1
46 46 1
10 10 0
20 20 1
63 63 0
97 97 1
71 71 0
31 31 0
96 96 1
34 34 1
8 8 1
61 61 0
28 28 0
88 88 1
59 59 0
90 90 0
17 17 0
86 86 0
58 58 0
22 22 1
40 40 0
91 63 33947545
67 67 1
73 73 1
70 70 1
69 69 0
32 32 0
89 89 1
36 36 0
14 14 0
76 76 1
49 49 0
19 19 0
45 45 1
11 11 1
52 52 0
5 5 0
47 47 1
30 30 0
21 21 0
7 7 1
50 50 0
79 79 0
60 60 1
38 38 0
84 84 1
78 78 1
51 51 1
39 39 1
59 59 1
46 46 1
10 10 1
61 61 1
44 44 0
68 68 1
58 58 1
80 80 1
86 86 1
65 65 1
1 1 0
35 35 0
40 40 1
22 22 1
54 54 0
37 37 1
8 8 0
63 63 1
88 88 0
83 83 0
26 26 0
75 75 1
57 57 0
23 23 1
16 16 0
55 55 1
72 72 1
71 71 1
82 82 0
66 66 0
20 20 0
77 77 0
29 29 0
48 48 1
74 74 1
12 12 1
93 89 12
69 69 0
17 17 0
77 77 1
52 52 0
4 4 0
65 65 0
73 73 0
68 68 1
59 59 1
92 92 0
54 54 0
31 31 1
37 37 1
36 36 1
81 81 0
18 18 1
20 20 1
38 38 1
25 25 0
50 50 1
5 5 0
61 61 1
34 34 0
85 85 0
47 47 0
71 71 0
70 70 0
28 28 0
60 60 0
26 26 0
91 91 1
8 8 1
1 1 0
82 82 1
40 40 0
9 9 1
45 45 1
13 13 0
24 24 1
80 80 1
93 93 0
84 84 0
78 78 1
55 55 0
57 57 1
90 90 0
3 3 1
16 16 0
63 63 0
56 56 0
10 10 0
2 2 1
15 15 0
21 21 0
12 12 0
53 53 1
42 42 0
43 43 1
35 35 1
23 23 1
72 72 0
58 58 0
75 75 1
51 51 0
33 33 1
49 49 1
14 14 0
48 48 1
27 27 1
41 41 0
30 30 1
66 66 1
19 19 0
11 11 0
6 6 1
89 89 1
39 39 0
44 44 0
7 7 1
83 83 1
88 88 1
87 87 0
46 46 0
86 86 0
29 29 1
76 76 1
74 74 1
62 62 0
22 22 1
98 19 69198241220447464
31 31 1
39 39 0
58 58 0
87 87 1
42 42 0
52 52 0
36 36 1
49 49 1
98 98 1
66 66 1
27 27 0
46 46 1
26 26 0
9 9 1
59 59 0
91 91 0
16 16 0
61 61 0
72 72 1
99 74 16810040
16 16 1
22 22 0
27 27 0
84 84 1
5 5 0
25 25 1
6 6 1
90 90 0
56 56 1
98 98 1
64 64 1
43 43 1
7 7 1
9 9 1
81 81 0
63 63 1
78 78 1
79 79 1
82 82 0
33 33 1
35 35 0
93 93 0
46 46 1
91 91 1
4 4 0
67 67 0
69 69 0
71 71 1
80 80 1
30 30 0
28 28 0
59 59 0
12 12 1
10 10 0
89 89 0
70 70 0
15 15 1
32 32 1
86 86 1
19 19 1
41 41 0
68 68 1
1 1 0
2 2 1
73 73 1
44 44 1
8 8 0
54 54 1
92 92 0
24 24 1
87 87 0
17 17 1
18 18 1
53 53 1
47 47 0
34 34 0
75 75 1
36 36 1
31 31 0
51 51 0
58 58 0
55 55 0
97 97 0
72 72 0
23 23 1
21 21 1
42 42 1
37 37 0
20 20 0
57 57 1
61 61 0
99 99 0
48 48 1
45 45 0
97 55 3761836624497
72 72 0
9 9 0
52 52 1
78 78 0
4 4 0
54 54 0
45 45 1
48 48 1
73 73 1
89 89 1
68 68 1
14 14 1
41 41 0
35 35 1
55 55 0
46 46 0
56 56 1
21 21 0
16 16 1
77 77 1
83 83 0
3 3 0
38 38 1
81 81 0
63 63 0
67 67 1
37 37 1
82 82 1
61 61 1
20 20 0
24 24 0
10 10 0
97 97 1
74 74 0
65 65 1
91 91 1
12 12 1
11 11 1
6 6 0
71 71 1
42 42 1
8 8 0
70 70 1
49 49 1
36 36 1
43 43 0
60 60 1
31 31 1
18 18 1
17 17 0
94 94 1
27 27 0
79 79 1
66 66 1
96 96 0
97 52 26521368711071
92 92 0
6 6 1
71 71 0
73 73 0
86 86 0
56 56 1
29 29 0
66 66 1
62 62 0
15 15 1
58 58 0
32 32 0
89 89 1
40 40 0
82 82 0
79 79 1
91 91 1
72 72 0
95 95 1
90 90 0
78 78 1
20 20 0
35 35 1
43 43 0
36 36 1
37 37 0
60 60 1
87 87 1
52 52 1
21 21 1
7 7 1
55 55 1
69 69 0
76 76 0
61 61 0
4 4 1
70 70 0
13 13 1
2 2 0
24 24 1
63 63 1
17 17 1
53 53 1
65 65 0
83 83 0
23 23 1
38 38 0
80 80 1
46 46 0
5 5 0
25 25 1
26 26 0
97 26 424717493097045530
62 62 1
39 39 0
38 38 1
70 70 1
91 91 0
36 36 1
17 17 0
74 74 0
58 58 0
24 24 0
57 57 1
66 66 1
59 59 0
90 90 1
93 93 1
28 28 0
25 25 1
49 49 1
46 46 0
75 75 0
19 19 0
80 80 0
55 55 0
63 63 1
7 7 0
84 84 1
10 2 207
6 6 0
10 10 1
91 57 15845153268
51 51 0
83 83 1
48 48 0
45 45 0
73 73 1
39 39 1
54 54 0
35 35 1
20 20 1
16 16 0
36 36 0
59 59 1
50 50 1
10 10 0
40 40 0
11 11 0
14 14 1
21 21 1
30 30 1
87 87 0
46 46 1
47 47 1
66 66 0
41 41 1
24 24 0
18 18 0
25 25 0
64 64 1
86 86 1
9 9 1
32 32 0
8 8 1
58 58 1
70 70 0
71 71 0
2 2 0
6 6 0
77 77 0
80 80 1
3 3 1
85 85 1
65 65 0
15 15 0
27 27 0
42 42 1
1 1 1
90 90 1
79 79 0
78 78 0
17 17 0
22 22 0
76 76 0
57 57 0
62 62 0
72 72 0
28 28 1
84 84 1
92 10 890589555612944375
65 65 0
33 33 0
5 5 1
48 48 0
31 31 1
79 79 1
44 44 0
50 50 1
42 42 0
62 62 0
97 29 204523955903059478
20 20 0
42 42 1
52 52 0
96 96 0
57 57 0
12 12 0
13 13 0
24 24 1
93 93 0
48 48 1
67 67 0
87 87 1
17 17 1
30 30 1
91 91 0
14 14 1
85 85 1
10 10 0
50 50 0
25 25 1
61 61 0
55 55 0
35 35 1
4 4 0
19 19 0
40 40 1
2 2 1
84 84 1
36 36 0
92 82 217
7 7 0
33 33 0
21 21 0
88 88 1
48 48 0
27 27 1
14 14 1
68 68 0
90 90 1
25 25 0
79 79 1
31 31 0
71 71 1
73 73 1
56 56 1
72 72 1
40 40 1
49 49 1
19 19 1
61 61 0
1 1 0
36 36 1
2 2 1
6 6 1
17 17 1
38 38 1
18 18 0
92 92 1
12 12 0
30 30 1
57 57 1
24 24 1
60 60 0
76 76 1
35 35 1
89 89 0
11 11 0
23 23 1
64 64 0
52 52 1
9 9 1
37 37 0
67 67 1
16 16 0
84 84 1
77 77 0
13 13 0
10 10 1
45 45 0
74 74 1
34 34 1
66 66 1
63 63 1
39 39 0
28 28 1
43 43 0
44 44 1
41 41 1
86 86 0
29 29 1
47 47 0
50 50 0
58 58 1
53 53 1
8 8 1
83 83 1
5 5 0
51 51 0
70 70 1
54 54 1
80 80 0
81 81 1
4 4 1
78 78 1
22 22 1
69 69 0
85 85 1
26 26 1
75 75 1
59 59 1
32 32 1
55 55 1
93 73 699382
45 45 1
62 62 1
75 75 1
36 36 1
39 39 1
11 11 0
54 54 0
68 68 0
4 4 0
16 16 1
51 51 1
47 47 0
76 76 1
28 28 0
57 57 1
1 1 1
37 37 0
87 87 0
85 85 1
40 40 0
35 35 0
65 65 1
71 71 0
46 46 0
24 24 0
58 58 0
17 17 0
67 67 0
42 42 0
70 70 1
23 23 0
84 84 0
25 25 0
10 10 0
43 43 1
61 61 1
32 32 0
59 59 1
77 77 0
89 89 1
88 88 1
31 31 0
53 53 1
90 90 1
9 9 0
81 81 1
29 29 0
44 44 0
78 78 0
52 52 1
64 64 1
34 34 1
12 12 1
6 6 1
63 63 1
55 55 1
66 66 1
27 27 1
5 5 1
60 60 0
86 86 1
41 41 0
26 26 0
7 7 0
19 19 1
72 72 1
49 49 1
93 93 1
2 2 1
92 92 1
30 30 1
21 21 0
3 3 0
91 55 44642395966
65 65 0
74 74 0
43 43 1
53 53 1
71 71 0
70 70 0
36 36 1
30 30 1
29 29 1
52 52 1
23 23 0
79 79 1
38 38 1
90 90 1
7 7 0
55 55 0
20 20 0
33 33 0
22 22 0
84 84 0
80 80 0
31 31 0
77 77 1
51 51 1
69 69 1
88 88 1
2 2 1
75 75 1
21 21 1
49 49 1
17 17 1
72 72 1
89 89 0
24 24 1
16 16 1
35 35 1
32 32 1
4 4 0
5 5 1
47 47 1
68 68 0
81 81 1
8 8 0
73 73 0
44 44 0
58 58 0
60 60 1
86 86 0
57 57 0
62 62 0
1 1 0
37 37 0
64 64 0
6 6 1
78 78 0
96 94 3
84 84 0
10 10 1
58 58 1
43 43 1
65 65 1
22 22 1
39 39 0
23 23 0
49 49 1
11 11 1
6 6 0
45 45 1
78 78 1
37 37 0
35 35 1
77 77 0
17 17 0
85 85 1
89 89 0
66 66 1
61 61 0
71 71 1
73 73 1
53 53 0
3 3 0
51 51 0
13 13 1
46 46 0
30 30 1
26 26 0
34 34 0
19 19 0
75 75 0
29 29 0
41 41 1
70 70 1
54 54 1
59 59 0
44 44 1
69 69 0
25 25 0
55 55 0
50 50 0
31 31 1
47 47 1
56 56 1
93 93 0
80 80 1
36 36 0
28 28 1
15 15 1
12 12 0
57 57 1
1 1 1
2 2 1
72 72 0
60 60 1
48 48 1
81 81 0
27 27 1
91 91 0
40 40 1
14 14 1
83 83 1
94 94 0
24 24 0
4 4 1
88 88 1
87 87 0
16 16 1
82 82 0
86 86 0
79 79 0
42 42 1
62 62 1
76 76 0
18 18 1
33 33 1
67 67 1
21 21 0
63 63 0
52 52 1
8 8 0
20 20 0
92 92 0
64 64 0
38 38 0
9 9 0
68 68 1
90 90 0
96 96 0
95 95 0
32 32 0
7 7 1
95 88 121
38 38 1
36 36 0
30 30 0
47 47 0
70 70 1
91 91 0
5 5 1
46 46 0
95 95 1
6 6 1
41 41 1
80 80 0
55 55 0
79 79 1
26 26 1
60 60 1
86 86 0
50 50 0
34 34 1
8 8 0
64 64 0
71 71 0
7 7 1
68 68 0
48 48 0
59 59 0
25 25 1
29 29 1
12 12 0
42 42 1
81 81 1
58 58 1
78 78 1
32 32 1
49 49 0
69 69 1
90 90 0
15 15 1
84 84 1
31 31 1
1 1 0
43 43 0
85 85 1
67 67 1
53 53 0
77 77 0
33 33 0
76 76 1
93 93 1
63 63 0
37 37 1
9 9 1
3 3 1
94 94 1
28 28 1
73 73 0
13 13 0
40 40 1
11 11 0
89 89 1
20 20 0
66 66 1
51 51 0
10 10 1
4 4 1
23 23 0
92 92 1
72 72 1
88 88 1
87 87 0
35 35 1
83 83 1
74 74 1
62 62 0
17 17 0
14 14 1
75 75 1
44 44 1
24 24 0
45 45 1
16 16 1
22 22 1
56 56 0
18 18 0
52 52 0
65 65 0
2 2 0
82 82 0
95 6 629544581427215558
61 61 0
40 40 1
58 58 1
72 72 0
17 17 1
69 69 0
95 29 321386471859261103
76 76 0
94 94 0
10 10 0
27 27 0
41 41 0
32 32 1
8 8 0
62 62 0
95 95 0
92 92 0
59 59 0
43 43 0
29 29 0
65 65 0
70 70 0
74 74 1
49 49 1
9 9 0
84 84 1
83 83 1
64 64 1
35 35 0
36 36 0
68 68 1
87 87 1
1 1 0
60 60 1
61 61 1
33 33 1
93 88 24
88 88 0
10 10 1
34 34 1
35 35 1
21 21 1
90 90 0
46 46 1
41 41 1
69 69 0
59 59 1
28 28 0
17 17 0
24 24 1
47 47 1
58 58 0
29 29 1
16 16 0
45 45 1
79 79 0
8 8 0
67 67 1
85 85 1
54 54 1
77 77 0
55 55 1
30 30 1
78 78 0
3 3 1
33 33 1
14 14 1
92 92 1
91 91 0
60 60 0
76 76 1
73 73 0
86 86 1
2 2 0
63 63 1
72 72 0
5 5 0
43 43 1
9 9 1
71 71 0
84 84 0
12 12 1
42 42 0
89 89 1
38 38 0
4 4 1
11 11 1
31 31 1
52 52 0
49 49 1
62 62 0
68 68 1
75 75 0
57 57 0
40 40 1
27 27 1
44 44 0
6 6 1
25 25 1
65 65 0
82 82 0
23 23 1
83 83 1
93 93 0
15 15 1
70 70 1
19 19 0
7 7 0
56 56 0
80 80 1
20 20 0
26 26 0
32 32 1
39 39 1
51 51 0
13 13 1
50 50 0
66 66 1
61 61 0
53 53 0
37 37 0
87 87 0
36 36 0
74 74 0
64 64 1
98 83 27198
87 87 0
53 53 1
3 3 0
88 88 1
26 26 1
69 69 1
67 67 0
29 29 0
64 64 0
46 46 0
12 12 0
92 92 0
97 97 0
48 48 1
7 7 0
90 90 0
85 85 1
25 25 0
81 81 0
14 14 0
47 47 0
24 24 1
93 93 1
5 5 1
40 40 0
19 19 1
80 80 1
44 44 0
79 79 0
60 60 0
32 32 1
59 59 1
65 65 0
35 35 1
16 16 0
71 71 0
68 68 1
22 22 1
66 66 1
23 23 0
38 38 0
41 41 0
98 98 1
78 78 0
31 31 1
39 39 1
8 8 0
91 91 0
9 9 0
49 49 1
43 43 0
54 54 1
34 34 1
45 45 1
51 51 1
86 86 1
63 63 1
28 28 1
95 95 0
4 4 0
21 21 0
17 17 0
72 72 0
76 76 1
58 58 0
13 13 1
42 42 1
83 83 1
75 75 1
77 77 1
56 56 1
30 30 0
96 96 0
2 2 1
36 36 1
11 11 0
27 27 0
37 37 1
84 84 1
74 74 1
10 10 0
73 73 0
33 33 0
97 80 82802
26 26 0
16 16 1
80 80 1
72 72 1
62 62 1
1 1 0
45 45 0
25 25 0
79 79 1
55 55 1
48 48 0
74 74 1
42 42 1
50 50 0
87 87 1
90 90 0
86 86 0
65 65 1
34 34 0
67 67 1
22 22 1
47 47 1
29 29 1
37 37 0
92 92 0
30 30 0
35 35 0
31 31 0
3 3 0
15 15 0
23 23 0
69 69 0
33 33 0
95 95 0
46 46 0
81 81 0
77 77 0
97 97 1
68 68 0
6 6 1
51 51 0
21 21 1
84 84 1
57 57 1
94 94 1
83 83 0
71 71 1
13 13 0
53 53 1
78 78 0
44 44 1
93 93 0
36 36 1
85 85 0
52 52 1
17 17 1
64 64 1
56 56 1
89 89 1
59 59 1
10 10 0
66 66 0
28 28 0
40 40 0
60 60 1
39 39 0
20 20 0
63 63 1
14 14 0
32 32 0
12 12 1
88 88 1
38 38 1
24 24 0
43 43 1
2 2 1
7 7 0
70 70 1
58 58 0
27 27 0
99 21 375727537380381805
31 31 0
67 67 0
87 87 1
58 58 1
56 56 0
5 5 0
60 60 1
85 85 1
44 44 1
63 63 1
43 43 1
88 88 1
77 77 0
57 57 1
86 86 1
71 71 0
27 27 1
49 49 1
62 62 0
46 46 0
93 93 1
95 50 5029793669310
9 9 1
85 85 1
46 46 1
56 56 1
48 48 0
2 2 1
3 3 1
35 35 1
25 25 0
29 29 1
21 21 0
51 51 0
74 74 1
72 72 0
39 39 1
32 32 1
65 65 0
78 78 1
64 64 0
22 22 1
66 66 1
81 81 1
30 30 1
8 8 0
31 31 0
6 6 1
54 54 0
59 59 1
18 18 1
14 14 1
53 53 0
4 4 1
84 84 0
71 71 1
63 63 0
57 57 1
67 67 0
28 28 0
5 5 1
13 13 1
77 77 1
45 45 1
47 47 1
12 12 0
27 27 0
91 91 1
75 75 1
50 50 0
1 1 1
36 36 0
6 1 25
1 1 0
92 81 209
41 41 1
63 63 0
30 30 0
4 4 0
40 40 0
13 13 0
51 51 0
57 57 0
45 45 1
79 79 1
15 15 1
2 2 0
36 36 0
20 20 0
17 17 1
73 73 0
49 49 0
67 67 0
53 53 0
55 55 1
23 23 0
64 64 1
19 19 1
31 31 0
86 86 1
12 12 1
89 89 1
35 35 0
68 68 1
16 16 1
58 58 0
50 50 0
82 82 1
47 47 0
38 38 1
22 22 0
87 87 0
44 44 0
81 81 0
65 65 0
76 76 1
27 27 0
32 32 0
3 3 1
7 7 1
9 9 0
24 24 0
59 59 1
62 62 0
48 48 1
70 70 0
34 34 1
6 6 0
29 29 1
42 42 0
61 61 1
1 1 1
39 39 0
56 56 1
60 60 0
66 66 1
75 75 0
74 74 0
21 21 1
72 72 1
85 85 1
88 88 0
18 18 0
43 43 1
14 14 1
90 90 1
77 77 0
11 11 1
46 46 0
52 52 1
84 84 0
28 28 0
80 80 0
69 69 1
25 25 0
5 5 1
91 41 249010171353211
73 73 1
11 11 1
29 29 1
81 81 1
41 41 1
36 36 0
86 86 1
44 44 0
32 32 1
65 65 1
89 89 0
16 16 1
19 19 0
25 25 1
87 87 1
58 58 0
78 78 1
74 74 0
50 50 1
1 1 0
33 33 0
47 47 0
57 57 0
12 12 1
3 3 1
34 34 1
40 40 0
88 88 0
30 30 0
38 38 0
23 23 0
61 61 1
85 85 1
68 68 0
14 14 0
22 22 1
84 84 0
13 13 1
66 66 0
51 51 0
75 75 1
10 5 6
10 10 0
8 8 0
5 5 1
9 9 1
1 1 1
97 75 1042512
67 67 0
4 4 0
5 5 1
11 11 0
23 23 1
27 27 0
9 9 1
56 56 0
26 26 0
44 44 1
93 93 0
3 3 1
21 21 1
76 76 0
68 68 0
94 94 0
10 10 1
79 79 1
81 81 1
71 71 0
42 42 1
30 30 0
25 25 1
87 87 0
32 32 0
46 46 0
66 66 0
35 35 1
8 8 0
75 75 0
89 89 0
34 34 0
62 62 0
74 74 1
60 60 1
48 48 1
43 43 1
13 13 1
55 55 0
80 80 1
24 24 0
70 70 1
86 86 0
84 84 1
58 58 0
88 88 0
95 95 1
53 53 0
96 96 1
22 22 1
90 90 0
57 57 0
47 47 1
14 14 1
1 1 0
7 7 0
77 77 1
69 69 1
92 92 0
15 15 0
83 83 0
37 37 1
28 28 0
85 85 0
91 91 0
52 52 0
39 39 1
97 97 1
78 78 0
6 6 0
59 59 1
64 64 1
29 29 0
65 65 0
41 41 0
92 12 65306427132226893
83 83 1
43 43 1
80 80 0
85 85 0
58 58 0
33 33 0
78 78 1
63 63 1
89 89 1
50 50 1
23 23 0
75 75 0
93 40 906983628254501
79 79 1
75 75 1
46 46 0
17 17 1
8 8 0
90 90 1
13 13 1
77 77 0
68 68 1
78 78 0
81 81 1
24 24 0
44 44 1
39 39 1
14 14 1
36 36 1
16 16 1
42 42 1
51 51 1
25 25 0
35 35 0
37 37 1
83 83 1
53 53 1
5 5 1
32 32 1
67 67 1
22 22 1
52 52 0
54 54 1
61 61 0
62 62 0
15 15 0
92 92 0
84 84 0
86 86 1
10 10 0
38 38 1
89 89 0
31 31 0
96 1 81636851077693281
65 65 0
99 66 4440341307
18 18 0
77 77 0
93 93 0
40 40 1
37 37 1
85 85 0
99 99 0
60 60 0
55 55 1
49 49 0
51 51 1
4 4 0
46 46 1
16 16 0
81 81 0
91 91 0
48 48 1
94 94 0
3 3 0
56 56 1
64 64 1
96 96 1
30 30 0
72 72 1
47 47 1
74 74 0
39 39 0
86 86 1
95 95 0
8 8 1
24 24 1
7 7 0
41 41 0
31 31 1
69 69 1
2 2 1
45 45 1
84 84 0
10 10 0
54 54 0
97 97 1
98 98 1
26 26 1
34 34 0
13 13 1
11 11 1
14 14 1
58 58 0
71 71 0
78 78 1
38 38 1
75 75 1
66 66 1
61 61 1
9 9 1
89 89 0
80 80 0
5 5 0
6 6 1
27 27 0
43 43 0
90 90 1
70 70 0
25 25 0
19 19 1
65 65 1
92 84 98
51 51 1
28 28 0
31 31 0
50 50 0
6 6 0
54 54 0
86 86 0
70 70 0
49 49 1
62 62 0
81 81 1
69 69 1
84 84 1
4 4 1
26 26 0
7 7 0
13 13 0
52 52 0
17 17 1
71 71 1
18 18 0
1 1 1
74 74 1
48 48 0
41 41 0
82 82 1
8 8 0
63 63 0
44 44 1
47 47 1
30 30 1
46 46 1
40 40 0
65 65 0
59 59 0
78 78 1
88 88 0
92 92 0
58 58 0
72 72 1
38 38 0
68 68 0
55 55 0
91 91 1
27 27 0
56 56 0
25 25 1
22 22 1
23 23 1
10 10 0
64 64 0
89 89 1
73 73 1
67 67 0
20 20 1
61 61 1
5 5 1
42 42 1
53 53 1
16 16 0
34 34 0
60 60 1
85 85 1
37 37 1
3 3 0
12 12 1
29 29 1
15 15 1
66 66 1
35 35 1
24 24 1
45 45 1
77 77 1
33 33 0
83 83 0
79 79 0
11 11 1
21 21 1
2 2 0
36 36 1
75 75 1
90 90 0
57 57 1
39 39 0
96 33 110318662480510619
81 81 0
26 26 1
96 96 0
46 46 0
3 3 1
59 59 0
63 63 0
19 19 1
2 2 0
29 29 0
67 67 0
39 39 0
84 84 1
93 93 0
77 77 1
61 61 1
41 41 0
13 13 1
43 43 1
5 5 1
34 34 0
50 50 0
78 78 1
87 87 1
53 53 1
35 35 1
10 10 1
86 86 0
27 27 1
73 73 1
51 51 1
74 74 0
70 70 1
99 64 2497717493
90 90 0
92 92 1
9 9 0
48 48 0
28 28 1
27 27 0
7 7 1
60 60 1
25 25 0
31 31 1
69 69 1
86 86 0
72 72 0
12 12 0
67 67 1
82 82 1
1 1 1
6 6 0
97 97 1
55 55 1
30 30 0
75 75 1
62 62 1
33 33 1
94 94 1
66 66 1
47 47 1
29 29 1
32 32 1
41 41 0
64 64 0
85 85 0
37 37 1
98 98 0
18 18 0
23 23 0
95 95 1
53 53 1
24 24 1
3 3 0
84 84 1
80 80 0
4 4 0
15 15 1
73 73 1
71 71 0
45 45 1
34 34 1
49 49 0
42 42 0
16 16 1
54 54 1
58 58 0
43 43 1
56 56 1
46 46 1
51 51 0
19 19 1
91 91 0
61 61 0
78 78 0
74 74 1
13 13 1
8 8 0
96 34 896129086913139671
14 14 1
90 90 1
53 53 0
17 17 0
36 36 1
40 40 0
37 37 0
73 73 0
21 21 1
86 86 0
89 89 0
69 69 0
60 60 1
38 38 0
77 77 0
39 39 0
26 26 0
75 75 0
47 47 1
24 24 1
20 20 1
82 82 0
95 95 0
66 66 0
11 11 1
63 63 1
70 70 0
42 42 1
76 76 0
35 35 1
61 61 1
10 10 1
58 58 0
79 79 0
100 100 1
62 62 0
17 17 0
11 11 1
87 87 0
100 100 0
88 88 1
45 45 1
19 19 1
37 37 1
60 60 1
46 46 0
80 80 0
51 51 0
85 85 1
65 65 0
71 71 1
66 66 1
4 4 1
92 92 1
30 30 1
42 42 1
41 41 1
18 18 0
2 2 1
12 12 1
1 1 0
13 13 0
23 23 1
8 8 1
90 90 1
56 56 0
49 49 1
15 15 1
40 40 1
6 6 0
21 21 1
53 53 0
73 73 0
97 97 1
76 76 1
98 98 0
91 91 1
20 20 1
69 69 0
96 96 1
5 5 1
61 61 1
39 39 0
79 79 1
31 31 0
36 36 0
68 68 1
16 16 1
89 89 0
57 57 1
27 27 0
83 83 1
72 72 0
22 22 0
84 84 0
86 86 0
48 48 1
50 50 1
55 55 1
52 52 1
58 58 1
81 81 0
63 63 1
38 38 0
34 34 1
26 26 1
43 43 0
3 3 1
82 82 1
28 28 1
29 29 0
67 67 0
24 24 1
93 93 0
75 75 1
54 54 0
78 78 1
7 7 1
47 47 1
74 74 1
10 10 0
94 94 1
99 99 1
32 32 1
70 70 1
25 25 1
33 33 1
9 9 0
64 64 1
35 35 1
95 95 0
59 59 0
14 14 0
77 77 1
44 44 0
100 9 2322687114975999
16 16 1
61 61 1
80 80 1
57 57 0
2 2 0
7 7 1
38 38 0
90 90 0
13 13 0
6 4 1
5 5 1
1 1 0
4 4 1
6 6 1
94 90 15
26 26 1
21 21 0
69 69 1
38 38 1
1 1 0
70 70 1
33 33 1
35 35 0
34 34 1
66 66 1
52 52 0
71 71 0
76 76 0
43 43 1
59 59 1
83 83 1
44 44 1
11 11 1
77 77 1
28 28 0
79 79 0
29 29 0
64 64 1
49 49 1
24 24 1
7 7 0
18 18 0
42 42 0
72 72 0
58 58 1
80 80 0
56 56 1
68 68 0
87 87 0
50 50 1
19 19 1
48 48 1
51 51 1
81 81 0
82 82 1
23 23 1
61 61 0
22 22 0
15 15 1
16 16 1
63 63 1
13 13 1
32 32 0
8 8 0
4 4 1
5 5 1
57 57 0
20 20 1
39 39 1
74 74 0
45 45 0
12 12 1
10 10 1
46 46 0
86 86 1
17 17 1
54 54 1
25 25 1
55 55 0
94 94 1
14 14 1
9 9 1
85 85 1
37 37 0
31 31 0
89 89 0
75 75 1
47 47 1
93 93 0
27 27 1
6 6 1
90 90 0
53 53 1
40 40 0
41 41 1
84 84 0
60 60 0
2 2 1
78 78 0
3 3 1
91 91 1
30 30 1
92 92 1
36 36 0
73 73 0
100 88 2195
19 19 0
51 51 0
32 32 1
82 82 1
38 38 1
54 54 0
94 94 1
39 39 0
7 7 1
77 77 0
44 44 0
83 83 0
42 42 0
56 56 1
29 29 0
41 41 0
27 27 0
8 8 1
62 62 0
24 24 0
86 86 0
70 70 0
90 90 0
80 80 1
69 69 1
97 97 0
58 58 0
71 71 0
16 16 1
74 74 1
52 52 0
93 93 0
26 26 0
11 11 1
48 48 0
21 21 1
61 61 0
91 91 0
49 49 1
67 67 0
2 2 0
15 15 1
89 89 0
66 66 0
87 87 0
76 76 0
100 100 1
40 40 1
59 59 1
36 36 1
57 57 0
12 12 0
88 88 0
92 92 1
34 34 1
30 30 0
14 14 0
95 95 0
4 4 0
85 85 0
31 31 0
20 20 1
78 78 0
9 9 1
72 72 1
68 68 0
6 6 0
33 33 1
25 25 1
3 3 0
1 1 1
99 99 0
50 50 1
64 64 1
65 65 0
55 55 1
98 98 1
73 73 0
18 18 1
23 23 0
63 63 0
35 35 1
60 60 0
5 5 1
10 10 1
84 84 1
37 37 1
47 47 0
100 10 132504018063731980
57 57 0
67 67 1
40 40 0
37 37 0
16 16 1
41 41 1
71 71 0
18 18 0
65 65 1
63 63 1
100 82 125852
64 64 0
76 76 1
70 70 0
81 81 1
41 41 1
21 21 1
54 54 0
56 56 1
48 48 1
36 36 1
86 86 0
83 83 0
84 84 0
57 57 0
19 19 1
99 99 0
65 65 1
93 93 0
30 30 1
75 75 0
39 39 1
92 92 1
22 22 1
24 24 0
45 45 1
73 73 0
15 15 1
49 49 0
82 82 0
69 69 0
16 16 0
1 1 1
8 8 0
26 26 0
90 90 1
51 51 0
50 50 0
25 25 0
58 58 1
60 60 1
18 18 1
44 44 1
28 28 1
27 27 1
88 88 0
7 7 0
79 79 1
3 3 0
43 43 1
52 52 0
61 61 1
12 12 1
33 33 1
66 66 0
34 34 0
91 91 0
78 78 1
23 23 1
68 68 0
4 4 0
67 67 1
37 37 0
46 46 1
100 100 1
13 13 0
35 35 0
95 95 1
98 98 1
80 80 1
85 85 0
6 6 0
5 5 0
11 11 0
47 47 1
20 20 1
74 74 0
53 53 1
2 2 1
97 97 0
89 89 0
77 77 0
9 9 1
96 32 988368940327504342
78 78 1
96 96 0
31 31 1
8 8 1
63 63 0
47 47 1
39 39 1
60 60 0
32 32 0
54 54 1
27 27 0
48 48 0
55 55 0
75 75 0
41 41 0
74 74 1
68 68 0
72 72 1
18 18 1
36 36 1
91 91 1
40 40 1
17 17 1
87 87 0
25 25 1
51 51 0
35 35 0
85 85 0
66 66 1
52 52 0
37 37 1
12 12 1
99 4 60456249434830679
90 90 0
15 15 0
58 58 0
13 13 0
99 21 777972891580395449
65 65 1
3 3 0
94 94 1
91 91 0
74 74 0
51 51 0
14 14 0
33 33 1
49 49 1
76 76 1
95 95 1
39 39 1
83 83 0
45 45 1
72 72 0
31 31 1
89 89 1
87 87 1
90 90 0
20 20 1
11 11 0
92 61 407911365
43 43 0
64 64 0
59 59 0
61 61 1
75 75 0
11 11 1
23 23 0
72 72 1
39 39 1
67 67 0
40 40 0
46 46 0
31 31 1
5 5 0
10 10 0
48 48 0
28 28 1
73 73 1
36 36 1
12 12 1
60 60 1
30 30 0
70 70 1
32 32 1
86 86 0
41 41 1
76 76 0
1 1 1
82 82 1
47 47 1
37 37 0
53 53 0
90 90 1
27 27 1
85 85 1
15 15 1
18 18 0
57 57 0
51 51 1
38 38 1
68 68 0
55 55 0
88 88 1
9 9 0
7 7 0
4 4 0
35 35 0
42 42 1
54 54 0
89 89 0
16 16 0
58 58 0
77 77 1
56 56 0
6 6 0
52 52 0
21 21 1
63 63 1
17 17 0
44 44 1
91 91 0
95 23 227627650067890588
42 42 1
61 61 1
13 13 1
53 53 0
93 93 0
18 18 1
66 66 0
36 36 0
82 82 1
9 9 0
76 76 1
79 79 1
39 39 0
11 11 0
74 74 1
12 12 1
21 21 0
27 27 0
4 4 1
19 19 0
67 67 1
2 2 0
45 45 0
7 1 47
4 4 1
91 88 6
61 61 1
20 20 0
86 86 0
57 57 0
81 81 1
8 8 1
11 11 1
45 45 1
65 65 0
84 84 1
41 41 0
40 40 0
27 27 1
62 62 1
19 19 0
7 7 0
13 13 0
80 80 0
47 47 0
44 44 0
69 69 1
74 74 0
9 9 1
68 68 0
3 3 0
52 52 0
35 35 1
71 71 1
77 77 0
88 88 1
58 58 1
14 14 1
23 23 1
48 48 0
22 22 0
39 39 0
76 76 0
85 85 0
12 12 0
90 90 0
36 36 1
43 43 1
30 30 0
21 21 1
1 1 1
67 67 1
87 87 1
32 32 0
91 91 1
72 72 1
82 82 0
38 38 1
64 64 1
15 15 0
75 75 0
89 89 0
79 79 1
46 46 1
10 10 1
24 24 1
60 60 0
33 33 0
78 78 1
56 56 0
31 31 0
55 55 1
25 25 0
66 66 1
83 83 1
50 50 0
70 70 0
54 54 0
37 37 0
28 28 1
73 73 0
18 18 1
49 49 1
53 53 1
6 6 0
16 16 1
51 51 1
34 34 0
63 63 0
5 5 0
17 17 1
4 4 1
29 29 1
59 59 0
98 51 4568138963858
43 43 1
20 20 0
49 49 1
93 93 0
66 66 1
21 21 1
26 26 0
34 34 1
88 88 1
63 63 0
5 5 1
57 57 1
71 71 0
40 40 1
64 64 1
10 10 0
25 25 1
7 7 0
81 81 0
54 54 0
52 52 0
45 45 1
2 2 1
19 19 1
12 12 0
38 38 0
58 58 1
50 50 0
98 98 0
65 65 0
83 83 1
82 82 1
30 30 0
32 32 1
47 47 0
14 14 0
53 53 1
91 91 0
22 22 1
51 51 1
17 17 1
24 24 1
36 36 0
79 79 0
67 67 1
70 70 0
33 33 1
75 75 1
62 62 0
39 39 0
60 60 1
99 30 137566172631231284
5 5 1
92 92 0
83 83 0
89 89 1
32 32 0
46 46 1
8 8 0
34 34 1
17 17 0
86 86 0
77 77 0
37 37 1
58 58 0
39 39 1
23 23 1
24 24 0
18 18 0
14 14 1
97 97 1
15 15 0
95 95 0
2 2 1
35 35 0
25 25 0
9 9 1
93 93 1
44 44 0
48 48 1
41 41 0
51 51 0
100 23 784871530087059813
28 28 1
46 46 1
56 56 1
43 43 0
61 61 0
62 62 1
80 80 0
4 4 1
49 49 0
18 18 0
34 34 0
96 96 0
72 72 1
21 21 1
93 93 1
97 97 1
82 82 1
53 53 1
71 71 0
84 84 0
23 23 0
77 77 0
33 33 0
96 48 150734331134387
60 60 1
22 22 0
81 81 0
57 57 1
61 61 1
63 63 0
23 23 1
69 69 0
44 44 1
6 6 1
43 43 0
96 96 1
71 71 1
42 42 1
37 37 1
66 66 0
68 68 1
36 36 1
8 8 0
59 59 0
47 47 1
41 41 1
28 28 0
20 20 0
9 9 0
33 33 1
3 3 1
62 62 1
82 82 0
88 88 0
38 38 0
95 95 1
87 87 0
4 4 1
48 48 0
31 31 1
13 13 0
90 90 1
11 11 0
14 14 1
77 77 1
64 64 0
67 67 0
80 80 1
45 45 1
86 86 1
17 17 0
92 92 0
95 66 189946927
49 49 1
82 82 0
88 88 0
84 84 1
42 42 1
26 26 0
50 50 1
35 35 0
10 10 1
41 41 0
80 80 0
63 63 1
15 15 1
64 64 1
79 79 0
68 68 0
57 57 1
23 23 1
89 89 0
17 17 0
13 13 0
86 86 0
34 34 0
92 92 0
38 38 0
33 33 0
9 9 1
67 67 0
16 16 1
65 65 0
69 69 0
21 21 0
51 51 0
95 95 1
14 14 0
77 77 0
85 85 1
12 12 0
75 75 1
62 62 1
7 7 0
93 93 1
59 59 1
72 72 1
1 1 1
48 48 1
4 4 0
27 27 0
36 36 1
78 78 1
54 54 1
25 25 1
22 22 1
76 76 1
28 28 1
60 60 0
53 53 1
19 19 0
11 11 0
47 47 1
18 18 0
66 66 1
94 94 0
2 2 0
24 24 1
32 32 0
91 14 361244676120426690
43 43 1
87 87 0
45 45 0
91 91 1
30 30 0
7 7 1
60 60 1
24 24 0
72 72 0
12 12 1
42 42 1
23 23 0
25 25 0
21 21 0
9 1 256
9 9 0
99 52 28089531096635
11 11 0
52 52 0
65 65 0
86 86 1
76 76 0
61 61 0
95 95 1
12 12 1
68 68 1
27 27 1
44 44 0
45 45 1
72 72 1
13 13 0
59 59 1
25 25 1
96 96 0
99 99 1
57 57 1
49 49 0
2 2 1
37 37 0
6 6 0
5 5 1
19 19 0
67 67 0
34 34 0
18 18 0
48 48 1
17 17 1
81 81 0
56 56 1
47 47 1
90 90 0
35 35 0
64 64 1
33 33 0
93 93 0
78 78 1
62 62 0
32 32 0
71 71 1
70 70 0
79 79 1
73 73 0
80 80 1
83 83 0
21 21 1
50 50 0
85 85 0
29 29 0
7 7 0
95 57 161594780930
28 28 1
44 44 0
51 51 0
2 2 0
29 29 1
5 5 0
56 56 1
31 31 1
14 14 0
32 32 1
13 13 1
95 95 0
45 45 1
66 66 1
55 55 1
12 12 1
71 71 1
47 47 1
78 78 0
60 60 0
26 26 1
80 80 0
43 43 0
1 1 1
93 93 1
9 9 0
17 17 0
81 81 0
62 62 1
25 25 1
21 21 1
20 20 1
70 70 1
73 73 0
36 36 1
41 41 0
85 85 1
79 79 0
42 42 1
27 27 0
49 49 1
89 89 1
46 46 0
57 57 1
24 24 0
94 94 0
59 59 1
19 19 0
30 30 0
15 15 0
18 18 1
54 54 0
11 11 1
3 3 1
33 33 0
82 82 1
65 65 0
95 15 896037596310992138
36 36 1
95 95 0
67 67 1
5 5 0
29 29 1
28 28 1
38 38 0
71 71 1
8 8 1
37 37 1
87 87 1
60 60 0
2 2 1
43 43 0
59 59 0
91 30 387138943792879334
51 51 1
1 1 1
63 63 0
75 75 0
80 80 0
70 70 0
53 53 0
59 59 0
85 85 0
18 18 0
3 3 0
33 33 0
61 61 0
69 69 0
65 65 0
44 44 0
90 90 1
19 19 0
72 72 0
87 87 0
76 76 1
66 66 1
88 88 1
45 45 1
17 17 0
20 20 0
30 30 1
13 13 1
29 29 0
86 86 0
99 7 599187802427241100
2 2 1
46 46 0
24 24 0
54 54 1
27 27 1
51 51 0
48 48 0
100 17 129165412293967572
47 47 1
1 1 1
8 8 1
40 40 1
37 37 1
41 41 0
96 96 1
55 55 0
2 2 1
69 69 1
32 32 0
74 74 0
65 65 1
24 24 1
30 30 0
36 36 0
42 42 1
100 1 1000000000000000000
1 1 1
7 6 2
4 4 0
1 1 1
5 5 1
7 7 1
3 3 1
2 2 0
95 87 205
71 71 1
35 35 1
64 64 0
12 12 1
7 7 0
52 52 1
29 29 1
40 40 0
3 3 1
13 13 0
94 94 0
72 72 0
55 55 0
5 5 0
26 26 0
63 63 0
67 67 0
36 36 0
91 91 0
54 54 1
93 93 1
9 9 0
86 86 1
15 15 1
17 17 0
81 81 0
16 16 0
90 90 1
88 88 0
51 51 0
18 18 1
78 78 1
1 1 1
95 95 1
31 31 1
10 10 0
38 38 0
30 30 1
60 60 1
33 33 0
42 42 1
27 27 1
59 59 0
47 47 0
58 58 0
83 83 0
61 61 0
79 79 0
25 25 1
14 14 0
37 37 0
53 53 0
56 56 0
34 34 0
45 45 0
82 82 1
85 85 0
87 87 0
70 70 0
74 74 0
19 19 1
2 2 1
65 65 0
22 22 0
68 68 0
23 23 0
76 76 1
84 84 1
4 4 1
39 39 1
8 8 1
41 41 1
32 32 0
77 77 1
49 49 0
75 75 0
66 66 1
89 89 1
92 92 1
43 43 1
21 21 1
48 48 0
20 20 1
50 50 1
62 62 0
69 69 0
28 28 0
91 16 83882925908952394
87 87 1
76 76 0
66 66 0
13 13 1
52 52 1
77 77 0
19 19 1
43 43 1
73 73 0
29 29 1
41 41 1
17 17 0
24 24 1
22 22 0
62 62 1
2 2 0
94 51 5615734198679
65 65 0
7 7 0
17 17 0
9 9 0
33 33 1
72 72 1
82 82 0
78 78 1
69 69 0
42 42 0
57 57 0
79 79 0
62 62 1
59 59 1
10 10 1
85 85 1
48 48 1
63 63 0
5 5 1
51 51 0
4 4 1
23 23 1
54 54 0
3 3 0
20 20 1
52 52 1
35 35 1
50 50 0
2 2 0
46 46 1
26 26 1
61 61 0
19 19 1
90 90 1
8 8 0
40 40 0
93 93 1
18 18 1
39 39 0
58 58 0
91 91 1
49 49 1
14 14 0
36 36 1
74 74 1
83 83 1
32 32 1
13 13 1
92 92 1
70 70 1
77 77 1
91 90 2
60 60 1
22 22 0
68 68 0
24 24 0
88 88 0
10 10 1
57 57 1
47 47 1
29 29 1
53 53 0
21 21 0
54 54 1
27 27 0
55 55 0
58 58 1
49 49 0
18 18 0
90 90 1
91 91 0
51 51 0
71 71 1
30 30 0
7 7 1
42 42 1
63 63 0
39 39 0
35 35 1
81 81 0
8 8 0
67 67 0
62 62 0
69 69 1
38 38 1
50 50 1
43 43 1
9 9 0
72 72 1
85 85 1
45 45 0
52 52 0
48 48 0
56 56 1
3 3 1
82 82 0
11 11 0
44 44 1
74 74 1
70 70 1
17 17 0
23 23 1
77 77 0
14 14 1
20 20 0
2 2 0
33 33 0
5 5 0
89 89 1
37 37 1
13 13 0
59 59 1
40 40 0
66 66 1
65 65 1
76 76 0
19 19 1
78 78 1
16 16 1
87 87 1
83 83 1
31 31 0
64 64 0
34 34 0
36 36 0
86 86 0
12 12 0
15 15 0
46 46 0
75 75 1
25 25 1
61 61 1
41 41 1
84 84 0
6 6 1
32 32 1
79 79 0
73 73 1
4 4 1
1 1 1
28 28 0
26 26 0
94 17 928482484994141901
14 14 0
50 50 1
49 49 1
32 32 0
25 25 0
58 58 0
54 54 1
51 51 0
71 71 0
9 9 1
56 56 1
63 63 0
39 39 0
77 77 0
33 33 1
5 5 1
29 29 1
97 7 542042544078042068
60 60 0
63 63 1
25 25 1
92 92 1
15 15 0
65 65 0
69 69 1
96 45 1473308956760326
88 88 1
18 18 0
2 2 0
5 5 0
24 24 1
54 54 0
78 78 1
26 26 1
33 33 0
89 89 1
56 56 1
46 46 1
30 30 1
4 4 1
39 39 0
8 8 1
84 84 1
43 43 0
51 51 1
70 70 1
45 45 0
69 69 1
61 61 1
32 32 0
63 63 0
68 68 0
57 57 1
95 95 0
64 64 1
10 10 1
42 42 1
13 13 0
62 62 0
31 31 0
60 60 1
59 59 0
87 87 1
65 65 0
29 29 1
27 27 1
71 71 0
76 76 0
37 37 1
92 92 0
48 48 1
100 100 1
1 1 0
2 2 0
3 3 0
4 4 1
5 5 0
6 6 0
7 7 0
8 8 1
9 9 0
10 10 0
11 11 0
12 12 1
13 13 1
14 14 0
15 15 0
16 16 0
17 17 1
18 18 1
19 19 0
20 20 0
21 21 1
22 22 0
23 23 0
24 24 1
25 25 0
26 26 1
27 27 1
28 28 1
29 29 1
30 30 1
31 31 0
32 32 0
33 33 0
34 34 0
35 35 0
36 36 0
37 37 1
38 38 0
39 39 0
40 40 0
41 41 1
42 42 0
43 43 0
44 44 1
45 45 0
46 46 1
47 47 0
48 48 0
49 49 0
50 50 0
51 51 1
52 52 0
53 53 0
54 54 0
55 55 1
56 56 0
57 57 0
58 58 1
59 59 0
60 60 0
61 61 1
62 62 1
63 63 0
64 64 0
65 65 1
66 66 1
67 67 1
68 68 1
69 69 0
70 70 0
71 71 0
72 72 1
73 73 1
74 74 0
75 75 0
76 76 1
77 77 1
78 78 1
79 79 1
80 80 1
81 81 1
82 82 1
83 83 0
84 84 1
85 85 1
86 86 1
87 87 1
88 88 0
89 89 1
90 90 0
91 91 0
92 92 0
93 93 0
94 94 0
95 95 1
96 96 1
97 97 1
98 98 0
99 99 1
100 100 0
99 73 66583018
72 72 0
2 2 0
99 99 0
13 13 1
87 87 1
43 43 0
8 8 1
69 69 0
77 77 1
70 70 0
32 32 0
10 10 0
97 97 0
38 38 0
98 98 1
61 61 0
36 36 1
7 7 0
46 46 0
27 27 1
57 57 0
31 31 0
30 30 0
40 40 0
66 66 1
96 96 0
25 25 0
49 49 1
54 54 1
29 29 1
17 17 1
84 84 1
45 45 0
9 9 1
39 39 0
68 68 1
28 28 0
93 93 0
56 56 0
55 55 1
51 51 0
37 37 0
71 71 0
23 23 0
73 73 1
14 14 1
90 90 0
19 19 0
16 16 0
60 60 1
53 53 0
76 76 0
82 82 0
67 67 1
41 41 0
94 94 1
85 85 1
24 24 0
79 79 1
48 48 1
89 89 0
58 58 1
20 20 0
86 86 1
83 83 1
3 3 1
80 80 1
33 33 1
52 52 0
22 22 1
50 50 1
26 26 1
42 42 1
96 47 51811790134813
69 69 0
70 70 1
37 37 1
1 1 1
11 11 0
62 62 0
56 56 0
55 55 0
72 72 0
73 73 0
89 89 0
16 16 1
14 14 0
57 57 1
95 95 0
81 81 1
82 82 0
3 3 1
35 35 1
26 26 0
4 4 0
7 7 1
92 92 1
65 65 0
67 67 0
40 40 0
41 41 1
53 53 1
93 93 1
83 83 1
49 49 1
96 96 1
24 24 0
17 17 0
48 48 0
76 76 0
51 51 0
32 32 0
90 90 0
52 52 0
6 6 1
94 94 0
13 13 1
68 68 0
12 12 1
80 80 1
58 58 1
95 50 20094175324721
70 70 1
91 91 0
8 8 0
89 89 0
27 27 1
39 39 1
15 15 0
20 20 1
51 51 0
72 72 0
2 2 1
76 76 1
54 54 0
14 14 1
40 40 0
65 65 0
28 28 0
16 16 1
63 63 1
33 33 0
68 68 1
62 62 0
48 48 0
57 57 1
1 1 0
83 83 1
82 82 0
12 12 0
6 6 0
37 37 0
71 71 1
79 79 0
49 49 0
84 84 0
43 43 0
69 69 1
42 42 0
26 26 0
4 4 1
86 86 1
30 30 0
3 3 0
78 78 1
47 47 1
94 94 0
85 85 0
67 67 0
44 44 0
36 36 0
77 77 0
7 3 15
6 6 1
4 4 0
7 7 0
94 57 115001689088
85 85 1
29 29 1
51 51 1
45 45 1
63 63 0
48 48 0
12 12 0
37 37 1
5 5 1
42 42 0
86 86 1
68 68 1
50 50 1
14 14 1
23 23 1
35 35 0
18 18 0
7 7 1
3 3 0
52 52 0
25 25 1
55 55 1
93 93 1
90 90 0
64 64 1
69 69 1
40 40 1
41 41 1
46 46 0
1 1 1
76 76 0
17 17 0
49 49 0
94 94 0
10 10 0
33 33 0
91 91 0
60 60 0
82 82 0
74 74 0
70 70 0
83 83 0
24 24 1
62 62 1
31 31 0
53 53 0
75 75 1
8 8 1
28 28 0
78 78 0
79 79 1
87 87 0
4 4 0
47 47 1
15 15 0
44 44 0
38 38 1
7 1 28
5 5 1
91 82 293
7 7 0
49 49 0
76 76 0
61 61 0
68 68 1
39 39 1
84 84 1
77 77 0
34 34 0
51 51 0
6 6 1
8 8 0
11 11 1
69 69 1
45 45 1
70 70 1
54 54 0
25 25 0
44 44 1
64 64 0
46 46 0
28 28 0
19 19 0
2 2 1
90 90 0
12 12 0
65 65 1
1 1 1
79 79 1
48 48 0
22 22 0
9 9 0
31 31 0
52 52 0
86 86 1
59 59 0
58 58 1
32 32 0
21 21 0
15 15 0
85 85 0
62 62 0
47 47 0
82 82 1
60 60 1
67 67 1
71 71 0
83 83 1
66 66 0
72 72 1
5 5 0
78 78 0
23 23 1
36 36 1
26 26 0
42 42 0
43 43 1
89 89 0
20 20 0
56 56 1
41 41 0
29 29 0
40 40 0
17 17 0
4 4 0
63 63 1
75 75 0
18 18 1
57 57 1
27 27 0
30 30 1
13 13 1
80 80 1
38 38 0
55 55 1
10 10 1
81 81 0
88 88 0
91 91 0
37 37 0
3 3 0
14 14 0
92 38 10033036131684181
74 74 0
46 46 0
91 91 0
23 23 1
41 41 1
19 19 0
65 65 1
73 73 0
16 16 1
6 6 0
29 29 0
57 57 1
64 64 1
1 1 0
20 20 1
82 82 1
52 52 1
32 32 1
62 62 0
17 17 0
43 43 1
15 15 1
69 69 1
36 36 1
79 79 0
78 78 0
33 33 0
67 67 0
88 88 0
49 49 0
5 5 0
75 75 0
7 7 0
35 35 0
25 25 1
83 83 1
61 61 0
86 86 1
94 17 23754049620149101
78 78 1
60 60 1
45 45 1
41 41 1
33 33 0
77 77 0
22 22 1
71 71 1
90 90 0
63 63 0
10 10 1
89 89 0
68 68 1
4 4 0
81 81 0
17 17 1
55 55 0
98 51 70136376788555
77 77 0
31 31 1
41 41 0
9 9 1
47 47 0
59 59 1
49 49 1
45 45 1
56 56 0
12 12 0
14 14 1
11 11 0
65 65 0
75 75 1
29 29 1
61 61 0
98 98 0
34 34 1
97 97 0
64 64 0
3 3 1
74 74 0
68 68 0
80 80 1
51 51 0
37 37 1
33 33 0
52 52 1
78 78 1
1 1 1
88 88 0
76 76 0
50 50 0
94 94 0
38 38 0
55 55 0
92 92 0
40 40 0
85 85 0
16 16 0
86 86 1
42 42 1
13 13 1
35 35 0
2 2 0
7 7 0
36 36 1
93 93 1
82 82 0
28 28 1
43 43 0
98 85 2672
18 18 1
97 97 1
77 77 1
34 34 1
86 86 1
54 54 1
89 89 1
10 10 1
7 7 0
26 26 0
49 49 0
87 87 1
69 69 1
28 28 1
41 41 0
79 79 1
65 65 1
39 39 0
9 9 1
96 96 1
59 59 1
46 46 0
62 62 0
24 24 0
60 60 1
30 30 0
67 67 0
81 81 0
13 13 1
22 22 1
6 6 1
4 4 1
29 29 0
98 98 0
33 33 1
38 38 1
75 75 0
74 74 0
55 55 1
70 70 0
52 52 0
48 48 1
53 53 0
40 40 0
5 5 0
45 45 1
76 76 1
47 47 0
64 64 1
56 56 1
32 32 1
78 78 1
95 95 0
85 85 1
20 20 1
72 72 0
93 93 0
19 19 0
90 90 0
94 94 0
27 27 1
12 12 1
14 14 0
3 3 0
43 43 0
84 84 0
61 61 0
92 92 1
16 16 0
1 1 0
73 73 0
44 44 0
8 8 1
66 66 1
11 11 1
31 31 0
83 83 1
36 36 0
50 50 0
2 2 1
42 42 0
35 35 1
57 57 0
68 68 0
25 25 1
96 44 3650462192436767
38 38 1
36 36 0
91 91 0
89 89 1
34 34 0
60 60 1
5 5 0
86 86 1
96 96 0
67 67 0
40 40 0
79 79 0
3 3 1
27 27 0
85 85 0
55 55 1
15 15 0
70 70 1
46 46 1
50 50 0
80 80 1
84 84 0
77 77 0
19 19 1
33 33 0
81 81 0
54 54 0
13 13 1
14 14 1
26 26 1
95 95 1
30 30 1
87 87 1
57 57 1
52 52 1
62 62 0
25 25 1
21 21 0
83 83 1
94 94 0
71 71 1
20 20 1
47 47 0
72 72 0
98 71 105733095
12 12 0
59 59 0
27 27 0
54 54 0
74 74 0
78 78 1
93 93 1
79 79 0
47 47 1
5 5 1
63 63 1
15 15 1
32 32 0
70 70 0
13 13 0
69 69 0
7 7 0
2 2 0
44 44 0
60 60 0
26 26 1
56 56 1
68 68 0
40 40 1
85 85 1
33 33 1
19 19 1
37 37 0
48 48 1
46 46 0
23 23 1
18 18 0
50 50 1
9 9 1
64 64 1
73 73 1
81 81 0
34 34 0
4 4 1
39 39 0
66 66 0
8 8 0
57 57 0
77 77 1
52 52 0
43 43 1
86 86 0
97 97 1
38 38 0
67 67 0
17 17 1
30 30 1
31 31 1
3 3 1
6 6 1
88 88 0
92 92 0
71 71 1
91 91 0
53 53 0
96 96 0
94 94 1
87 87 1
45 45 0
95 95 1
22 22 0
21 21 1
42 42 0
65 65 1
90 90 1
1 1 1
93 82 63
62 62 1
16 16 1
56 56 0
14 14 1
38 38 1
70 70 0
93 93 0
8 8 0
17 17 0
22 22 0
5 5 1
66 66 0
91 91 0
61 61 1
28 28 0
67 67 1
57 57 0
13 13 0
27 27 1
21 21 1
30 30 1
49 49 1
36 36 1
1 1 0
18 18 0
90 90 0
65 65 0
55 55 1
52 52 0
59 59 1
11 11 1
45 45 1
6 6 1
10 10 1
29 29 0
35 35 0
42 42 0
63 63 1
39 39 1
74 74 0
2 2 1
40 40 1
25 25 0
43 43 0
89 89 1
33 33 1
15 15 1
83 83 0
41 41 0
50 50 0
84 84 0
48 48 1
34 34 1
12 12 1
75 75 1
3 3 1
19 19 1
47 47 1
86 86 0
77 77 0
80 80 1
32 32 0
24 24 1
82 82 0
71 71 0
9 9 0
60 60 0
81 81 1
69 69 0
51 51 1
23 23 1
88 88 0
78 78 1
20 20 0
46 46 1
92 92 0
68 68 1
53 53 1
54 54 1
64 64 1
31 31 1
58 58 0
94 38 38360140583606682
44 44 0
45 45 1
42 42 0
79 79 1
43 43 0
21 21 1
38 38 0
6 6 0
14 14 1
63 63 0
22 22 1
27 27 1
92 92 1
85 85 0
31 31 1
69 69 1
80 80 0
57 57 1
40 40 0
76 76 0
78 78 1
32 32 1
34 34 1
25 25 1
48 48 1
49 49 0
4 4 1
47 47 1
70 70 1
28 28 1
89 89 0
46 46 0
84 84 0
11 11 1
82 82 1
74 74 1
71 71 1
33 33 0
