Case #1:
155553
154362
153649
145004
145175
163468
155793
155868
143167
158880
138703
149790
156570
146715
157476
147182
163592
139159
148156
144887
Case #2:
121756
106682
100632
117520
118428
107478
116551
104794
106707
101785
112019
103443
114762
115574
116148
122502
100839
120154
116918
110141
Case #3:
8640450208
8657894710
8629986592
8641802613
8653064071
8613166061
8639174239
8615422006
8618443235
8636459791
8644935193
8639170775
8645772649
8651134877
8630294381
8613179531
8644435786
8621966769
8619498072
8646903409
