Case #1:
8046256
8276990
8393636
8044506
8073427
8203363
8316122
8207806
8089298
8172577
8348433
8360828
8172021
8125314
8219838
8290240
8392439
8407481
8320719
8137525
Case #2:
52042
53473
57369
48929
59438
49088
53740
54781
54126
55691
Case #3:
37572
37314
38003
37406
42907
39437
34977
36892
32926
38885
33937
35337
38918
43661
40516
42186
33635
39399
40150
37361
Case #4:
8231629656
8260483645
8249253256
8252218875
8224305235
8225033554
8254964327
8231876762
8217266009
8240568026
8215975801
8234060308
8247676940
8245691214
8230664805
8255011594
8252637368
8225819427
8217372476
8228226647
Case #5:
27318682
27306791
27813701
27911212
27527544
27497120
27404144
27331672
27694885
27111950
27359071
27499447
27258090
27780864
27164101
27703094
27205765
27788254
27781139
27788344
Case #6:
6409791101
6396950901
6402101567
6414664193
6425027954
6402763349
6427862332
6416716017
6427395752
6412324874
6406083899
6396641296
6388547461
6389883568
6424908275
6428056196
6397309351
6418615670
6392358839
6425743225
Case #7:
7138259234
7156388968
7157953615
7140638977
7159263366
7142808015
7145531990
7129111458
7137961531
7156716618
7147828423
7132317357
7140837951
7154712370
7151013114
7148594073
7151140734
7152028197
7126429375
7124555859
Case #8:
6237628461
6216496847
6247743100
6217629738
6229129950
6216716178
6219382241
6247210560
6215302443
6229349085
6238407675
6247618574
6237430239
6216739761
6235555786
6217920856
6231331475
6243700106
6244286131
6246150300
Case #9:
8243311032
8227933647
8237023838
8262199004
8251097866
8268292933
8263922084
8234830447
8228337674
8264790599
8240998373
8238178032
8236245671
8238108911
8253653541
8241166789
8259686525
8249426945
8238832640
8227032503
Case #10:
7471272750
7479670564
7460179463
7459676348
7457743889
7452804713
7465253257
7450912649
7459090556
7464143274
7484413483
7472388335
7449502768
7469480693
7464836488
7442547563
7480918695
7472803008
7450325683
7441043883
