10
100 20
97 68 11 92 47 41 41 11 35 21 42 62 85 51 84 89 85 55 95 11 30 27 25 56 4 14 2 58 99 98 12 96 65 22 39 12 15 79 22 49 51 15 63 88 17 46 28 2 53 74 64 82 100 40 37 56 53 91 65 52 88 77 99 52 50 37 15 16 67 89 65 17 55 27 56 72 24 35 25 76 9 40 58 8 79 46 15 31 36 80 34 23 8 32 27 9 68 41 25 86
81 4962
55 5015
67 5041
7 4961
45 4968
18 4998
74 5024
12 4999
72 4972
34 4991
58 5031
82 5034
51 4991
25 4980
53 5002
56 5018
89 5041
68 5044
72 5025
49 4983
17 10
66 20 33 92 83 84 15 61 70 74 70 89 8 86 91 19 11
8 145
13 147
9 151
16 142
5 153
14 142
9 147
4 148
16 148
3 149
18 20
38 45 54 8 85 13 45 76 32 7 40 2 18 60 5 69 94 76
10 162
16 162
14 163
14 162
5 170
9 165
4 157
13 161
18 154
6 164
3 155
11 158
2 164
6 171
14 167
4 169
14 155
10 165
5 166
15 162
994 20
9 40 90 35 26 38 68 49 51 98 47 95 34 37 41 87 90 91 8 84 68 54 27 68 32 88 46 11 12 43 57 72 82 46 7 60 35 26 8 38 23 7 32 56 95 72 42 84 14 1 67 33 55 45 52 38 84 50 100 95 44 56 67 78 53 73 37 87 98 96 24 73 2 8 80 96 31 22 79 97 22 97 29 28 42 33 65 25 34 64 20 77 71 38 54 23 62 42 62 11 38 37 83 91 44 63 87 75 36 17 71 9 66 51 37 7 35 53 83 68 69 54 97 39 91 2 14 4 44 75 15 33 63 49 23 7 63 61 33 98 30 55 59 95 57 47 1 92 99 35 11 19 89 7 10 31 61 23 35 56 49 49 88 11 97 62 69 12 75 53 9 4 59 19 98 16 65 50 59 16 84 21 34 72 80 95 3 40 17 37 95 17 37 34 80 85 95 100 96 21 53 57 24 11 27 73 78 92 22 36 7 58 57 92 29 36 87 83 27 55 71 21 24 59 54 3 44 100 54 91 21 6 99 96 69 26 69 46 17 42 82 75 99 90 18 80 77 56 14 3 11 37 75 86 95 28 40 90 79 93 33 51 99 31 99 67 56 19 64 24 60 97 50 11 86 68 42 14 75 55 16 37 91 90 22 38 69 61 27 100 54 59 2 4 42 100 22 49 18 85 25 30 82 74 40 19 93 81 33 68 87 100 4 30 42 78 67 62 38 45 13 43 4 15 46 97 14 67 45 32 4 69 61 85 95 52 55 87 32 39 6 18 39 62 99 32 39 65 45 28 10 58 71 65 72 16 61 85 35 5 68 38 26 28 74 20 31 28 58 62 67 16 32 57 77 30 40 67 47 84 94 56 41 16 20 12 32 32 49 18 88 16 55 13 96 28 84 26 7 94 40 25 9 23 33 37 52 72 55 50 8 100 5 48 16 76 12 47 59 60 64 47 27 70 11 22 49 47 100 7 40 39 32 100 61 16 88 64 40 42 14 47 41 70 46 56 46 9 54 56 68 17 2 47 38 65 20 86 11 19 93 2 57 76 53 69 91 40 85 82 81 98 28 73 67 26 29 64 34 34 20 54 3 73 100 40 37 19 26 99 90 70 100 98 45 4 67 87 43 51 69 75 100 48 48 18 73 28 34 59 61 53 12 63 77 63 3 66 33 80 64 22 49 16 20 45 19 38 83 62 40 51 36 39 51 35 8 75 62 41 33 23 45 96 85 22 10 87 87 95 18 2 16 66 17 87 62 88 76 45 49 15 95 36 5 97 71 65 72 32 5 4 54 2 52 91 75 61 29 61 55 47 62 23 12 31 61 74 18 37 70 18 3 16 5 60 13 75 24 84 59 80 87 64 33 90 54 7 51 83 67 5 29 81 79 92 63 40 17 80 28 86 49 30 2 53 41 14 80 16 97 38 96 35 1 80 25 7 87 75 89 53 31 69 85 62 60 99 1 77 30 28 62 78 9 15 31 2 28 62 17 76 99 64 11 51 44 35 57 30 61 45 34 43 65 71 4 25 69 56 1 99 35 14 76 96 29 58 97 8 19 65 84 69 29 46 20 72 80 76 53 92 73 86 86 37 56 42 61 77 97 13 75 84 79 2 31 59 12 27 18 30 91 1 51 71 46 70 42 77 97 46 20 69 32 6 58 39 99 70 15 95 83 41 30 13 43 60 23 54 38 40 35 81 93 85 51 38 6 93 67 3 90 86 23 21 43 80 12 41 50 78 88 84 19 17 48 13 29 70 66 18 61 52 98 53 89 49 91 94 93 9 48 82 94 71 3 89 50 66 29 51 43 68 34 13 37 33 25 65 2 42 82 63 94 80 15 82 28 57 27 72 65 75 53 11 45 7 51 46 72 79 49 67 47 34 79 83 67 4 99 20 97 32 82 90 63 49 23 42 57 2 13 74 76 66 36 72 72 86 69 96 16 17 14 62 51 92 96 17 47 46 36 44 78 70 85 40 70 60 34 26 61 46 51 36 11 86 59 35 23 27 82 39 96 95 52 98 38 48 66 37 45 1 32 74 22 16 66 43 75 99 21 87 44 71 22 7 9 32 93 31 11 74 69 6 20 21 3 9 20 68 45 64 20 76 38 94 44 3 36 18 1 56 57 96 79 78 2 87 62 94 69 72 19 38 29 90 58 31 99 29 50 43 44 69 71 81 14 14 35 50 83 87 57 39 83 87 69 36 25 30 30 94 53 100 31 81 90 40 11 88 68 12
356 493923
776 494510
826 494284
767 494344
593 493772
525 493787
308 494399
196 493928
468 493626
853 494107
109 493599
329 493973
837 494252
82 494211
85 493903
382 494400
212 494352
122 493803
71 493628
560 493853
148 20
58 73 89 60 66 46 50 84 33 68 94 23 86 87 46 45 70 78 43 73 22 23 86 49 6 46 21 5 35 91 4 93 15 92 4 33 37 53 16 21 21 61 96 58 99 41 55 21 70 49 93 43 71 78 91 76 23 63 81 9 53 36 53 20 27 57 52 15 61 19 88 33 79 83 91 30 75 97 50 44 45 42 87 68 71 29 43 45 44 75 53 48 62 6 67 40 14 18 55 74 88 94 7 67 76 49 48 2 45 49 97 41 42 83 8 12 64 3 8 7 29 12 54 43 17 21 82 82 90 88 56 78 81 14 96 56 62 95 9 58 43 6 50 84 40 10 47 3
100 10913
61 10911
137 10984
66 10997
67 10943
119 10939
7 10925
113 10915
95 10967
147 10883
114 10919
73 10939
81 10904
83 10979
56 10890
71 10968
6 10896
78 10980
77 10979
76 10980
922 20
42 91 77 16 47 12 2 51 55 2 48 6 58 88 62 16 62 57 83 35 7 13 60 18 87 2 42 94 29 5 16 23 47 44 38 93 8 91 43 62 92 91 67 2 30 28 69 91 36 4 77 43 16 37 60 2 38 53 95 19 9 62 41 55 58 78 100 65 20 42 78 12 84 44 65 13 23 33 56 58 36 32 52 4 20 11 57 58 16 4 28 24 17 68 31 74 97 30 90 16 23 67 27 59 62 43 71 36 76 78 94 63 62 97 18 81 8 75 90 23 78 17 98 46 84 28 20 80 9 61 48 32 80 26 90 41 69 12 29 96 90 74 58 3 70 76 83 77 2 73 51 31 89 1 76 25 80 47 56 89 8 3 20 39 81 61 31 49 72 59 44 13 32 53 15 2 80 98 30 81 22 33 63 62 33 91 86 12 37 94 100 96 48 71 34 28 31 65 76 3 23 71 67 7 24 82 8 55 31 37 88 52 69 50 13 53 40 51 17 29 44 16 24 43 39 10 71 69 26 98 23 100 21 42 6 96 23 13 50 53 2 37 56 22 87 68 27 78 18 43 6 13 10 82 8 48 91 30 69 16 79 43 67 99 84 73 94 58 37 96 62 90 32 17 12 70 85 90 100 54 32 5 19 93 86 26 41 28 7 61 95 85 55 62 84 39 34 29 48 22 24 10 12 8 26 75 29 10 64 28 16 47 33 86 39 70 11 31 50 17 91 44 53 46 57 36 36 42 17 83 64 92 92 75 99 18 1 28 79 16 55 46 62 39 31 100 61 93 83 10 61 73 5 14 70 62 1 57 3 17 40 18 9 83 44 7 52 44 86 83 11 41 28 72 31 11 24 91 3 6 52 64 30 57 29 52 70 29 8 24 46 99 42 6 82 37 64 85 81 50 67 91 42 47 15 72 57 38 15 59 95 66 74 76 22 2 27 91 31 35 67 28 33 8 33 66 44 96 51 76 45 17 19 38 63 85 10 71 74 24 30 68 89 3 43 63 57 70 5 87 56 71 66 40 30 98 6 26 45 56 53 90 24 71 79 39 55 88 9 80 63 90 47 4 93 42 18 1 63 22 87 18 45 52 57 74 1 14 51 45 21 4 86 45 26 65 35 33 4 43 12 67 33 59 22 77 52 39 77 14 60 15 83 56 18 91 82 70 57 32 14 77 35 100 21 13 16 7 45 19 50 56 37 34 66 58 62 17 96 90 82 8 56 16 63 25 59 44 94 15 28 59 91 14 10 64 26 25 70 70 96 71 26 32 56 43 42 17 60 37 58 93 96 13 9 11 89 67 54 82 33 33 41 23 47 50 38 72 27 8 42 22 30 19 53 86 61 94 54 72 83 12 65 30 76 25 40 65 43 46 98 75 78 90 49 24 40 87 96 66 46 89 39 27 59 91 12 19 37 18 91 71 81 7 100 8 31 40 24 73 85 22 99 14 11 47 38 2 85 85 19 82 25 57 9 83 100 72 53 36 89 43 58 21 49 57 29 31 96 52 55 32 25 53 46 88 52 35 41 36 71 60 18 47 68 78 29 19 49 81 6 90 76 63 10 76 20 90 7 67 94 61 99 18 66 96 57 17 82 98 4 4 9 21 50 28 50 78 47 99 10 52 40 85 67 1 13 86 91 19 4 36 31 54 53 48 1 62 64 82 59 68 85 19 40 86 46 42 15 92 92 25 96 31 61 14 83 73 99 73 91 54 60 74 8 65 21 8 26 37 42 84 56 78 2 95 64 99 88 78 43 79 2 38 9 63 51 92 87 1 16 30 54 76 3 13 40 75 21 65 11 62 100 66 39 53 13 2 51 100 32 93 79 85 82 39 99 84 82 86 36 50 15 42 25 17 54 16 43 74 32 54 87 83 71 78 35 35 31 37 87 62 82 17 47 15 7 45 99 89 30 86 38 44 27 14 12 81 29 55 6 12 60 45 94 82 22 80 69 52 16 7 66 97 23 64 64 81 60 62 21 90 47 58 85 26 23 49 6 3 55 63 14 66 7 7 47 80 86 67 32 54 73 49 2 47 12 65 28 71 78 100 12 77 58 49 2 32 97 59 35 3
897 425078
736 424784
611 424902
65 425188
569 425422
461 424917
218 425485
728 425235
675 425475
320 425135
538 424993
819 424777
281 424590
491 424621
12 425419
899 425490
538 424792
761 425278
420 424678
570 425438
938 20
62 66 81 64 21 85 31 55 12 27 41 3 51 83 41 76 9 28 59 69 16 66 29 24 53 46 97 50 59 6 40 73 71 72 36 44 57 18 50 20 96 90 22 46 25 63 21 33 42 31 2 57 49 30 80 53 75 28 2 86 85 93 58 8 65 93 51 73 63 100 92 58 42 66 56 66 80 28 98 21 59 51 77 59 80 9 11 7 88 64 92 25 56 49 32 20 93 82 92 55 33 36 65 74 1 20 91 80 47 41 100 57 91 28 15 71 88 77 29 76 40 72 100 48 20 31 67 64 64 11 71 48 46 35 74 46 54 64 77 52 4 28 9 47 55 75 69 43 52 97 70 43 68 69 90 39 51 9 2 66 19 24 65 64 58 38 61 63 54 37 15 57 64 75 55 70 1 23 12 4 71 81 99 90 1 88 28 3 96 82 20 66 5 85 29 15 22 41 77 75 77 43 84 92 69 90 62 70 13 73 25 35 6 23 25 58 11 4 13 58 85 32 24 42 68 4 56 42 45 84 68 73 27 51 65 95 93 26 16 5 50 41 91 7 63 15 17 25 19 29 35 55 12 10 48 80 13 3 73 9 39 40 82 65 43 98 11 35 75 27 91 76 19 81 83 33 48 51 58 18 79 44 72 42 53 72 73 65 74 45 26 64 85 7 28 79 4 39 13 78 17 3 53 35 35 87 67 82 37 76 99 67 19 23 61 71 94 33 88 19 30 13 83 66 71 62 44 26 52 8 3 68 62 7 54 96 46 73 78 34 100 28 53 71 2 13 93 47 97 80 18 78 44 52 95 66 13 90 91 65 97 45 84 58 52 90 54 49 62 83 34 13 62 86 83 64 50 76 62 99 7 79 28 3 30 23 68 95 12 59 11 61 3 94 18 6 83 23 54 96 5 88 9 19 25 91 82 75 18 95 25 25 74 52 27 55 26 46 49 38 4 59 98 7 5 67 12 39 90 18 35 46 5 95 64 81 85 97 7 55 92 31 31 17 35 57 71 60 2 72 49 58 82 98 64 86 17 27 25 6 44 59 51 100 53 15 81 89 11 39 95 54 70 25 70 56 33 41 67 87 64 16 44 45 65 59 31 81 85 55 86 81 65 89 80 69 3 12 9 65 51 4 19 72 28 88 79 61 80 45 47 43 60 90 88 77 48 70 57 84 76 95 64 40 83 44 60 37 7 68 53 9 71 23 32 51 11 10 11 42 55 9 37 66 98 76 42 97 45 51 80 20 45 96 11 79 91 70 67 97 37 71 58 60 94 89 10 56 99 72 97 53 80 33 18 29 8 12 25 52 62 56 23 58 51 33 88 93 54 6 90 43 76 99 54 69 87 63 24 85 34 73 89 65 5 59 93 65 22 69 68 83 24 91 92 27 75 79 19 29 84 60 23 11 58 76 80 97 90 55 33 75 27 74 39 32 32 31 48 53 99 15 87 74 5 78 52 32 8 23 12 43 34 34 53 92 9 32 40 98 39 72 24 65 45 62 48 28 44 95 32 42 10 18 67 66 47 71 97 6 93 60 48 26 93 1 69 53 84 60 2 74 32 25 39 28 86 86 56 29 33 87 22 42 57 41 59 55 11 8 61 55 67 60 32 60 12 53 64 48 12 66 21 43 42 59 71 80 97 78 8 81 16 82 22 24 74 32 79 36 39 91 90 6 2 21 65 14 73 80 61 85 45 81 79 87 92 1 66 40 30 25 20 46 58 41 69 83 24 99 18 63 89 7 68 91 80 84 56 4 63 16 40 60 48 19 98 39 71 15 78 1 91 97 46 1 89 66 83 13 65 1 75 5 7 94 47 38 29 2 42 43 17 81 2 17 51 99 55 22 65 33 22 56 81 19 56 70 36 38 34 100 38 60 57 97 53 3 34 33 5 75 75 73 56 77 89 6 27 96 79 92 80 52 99 60 70 54 81 6 43 14 57 81 73 13 29 77 68 62 9 24 89 84 48 44 12 89 1 38 84 80 81 63 83 79 74 53 32 55 10 75 68 18 7 41 83 35 69 2 48 78 25 36 13 72 31 24 12 84 13 95 15 94 9 97 72 35 49 56 89 10 82 56 80 40 48 14 26 17 15 73 46 39 61 58 62 91
477 439780
250 440165
306 440198
616 439831
743 440226
321 439877
287 439935
639 439584
786 439774
387 440172
501 439984
742 439653
364 439835
665 440130
854 440052
89 440000
13 440054
434 440073
348 439526
695 439486
906 20
3 74 23 57 72 24 18 49 12 79 39 77 8 95 66 30 89 64 61 49 4 24 81 69 32 85 74 29 73 63 35 75 89 9 83 60 32 53 61 95 83 99 71 91 46 36 72 86 51 85 34 6 60 15 27 91 51 100 19 24 63 5 50 51 13 85 62 44 37 22 38 71 73 60 61 18 48 33 3 50 17 89 56 76 3 82 19 5 33 89 28 47 94 30 97 6 14 11 2 2 32 91 72 56 3 33 25 50 17 80 99 85 68 6 60 22 39 30 26 72 71 6 70 64 35 19 21 100 29 74 53 12 65 24 68 19 8 92 68 76 71 18 60 90 76 72 11 14 1 37 37 71 42 7 86 28 25 7 27 53 32 79 16 48 54 83 66 62 27 33 37 49 3 49 39 78 20 49 43 20 85 80 43 78 38 28 5 14 86 31 66 18 61 33 65 15 16 83 28 94 67 16 42 69 64 80 98 83 29 41 55 65 72 97 43 9 76 47 22 62 30 39 31 90 71 47 56 38 29 35 31 96 3 73 16 66 52 14 1 32 6 7 97 77 55 39 37 30 85 10 43 14 48 73 56 70 72 63 60 100 98 42 47 100 14 63 17 18 76 17 1 81 75 97 9 29 87 45 11 72 54 53 37 53 78 44 74 49 7 85 100 4 27 47 55 92 9 71 61 36 40 62 68 14 10 76 95 97 72 5 20 77 9 8 81 86 4 54 86 10 91 86 65 17 32 19 60 92 89 21 27 28 34 46 94 43 21 88 91 44 92 62 20 100 22 100 38 25 5 23 34 95 8 50 63 39 68 23 82 56 43 8 36 28 53 29 22 25 16 13 20 59 26 91 58 99 90 47 23 47 70 8 93 77 57 56 68 76 30 49 32 24 9 19 51 13 47 72 90 62 36 9 72 14 100 29 12 41 28 87 39 97 94 84 25 3 39 92 78 20 93 61 43 53 79 93 65 25 64 6 38 52 15 9 65 66 90 76 58 17 62 49 65 8 32 89 62 22 33 39 41 25 52 83 29 82 27 93 59 42 99 96 93 65 57 57 82 98 85 91 66 46 39 30 5 22 18 66 43 2 57 35 78 8 17 6 89 95 99 47 37 49 95 29 65 3 86 46 100 70 88 65 67 27 46 72 48 15 37 43 17 93 77 94 52 46 100 93 40 50 39 76 98 85 57 14 39 94 59 90 15 46 6 81 24 51 4 24 66 41 66 34 85 94 27 37 39 78 29 31 27 19 58 76 56 14 89 94 7 99 84 21 45 89 54 20 92 57 43 9 49 60 42 34 54 68 22 44 98 50 26 24 20 84 52 27 49 40 21 8 39 56 80 35 96 33 6 87 42 1 95 90 60 88 75 65 56 96 61 5 97 86 28 69 21 31 95 22 71 15 29 61 22 8 47 18 93 52 56 86 52 3 27 64 90 2 28 97 49 40 1 46 26 81 14 98 11 60 19 33 75 47 45 48 7 91 17 51 95 73 88 98 27 14 13 16 15 93 13 64 32 65 61 9 45 26 7 8 85 77 40 11 24 37 59 82 79 27 84 73 99 71 23 77 84 35 93 51 79 57 66 11 21 26 71 18 3 77 77 87 54 68 50 29 4 60 62 83 86 45 7 37 67 29 13 50 16 5 52 94 13 17 56 86 94 27 3 96 55 31 35 60 98 84 88 2 43 1 36 80 45 42 16 63 23 29 13 90 85 64 35 98 33 91 83 26 69 37 22 23 19 8 83 16 91 22 69 85 23 4 64 19 98 32 82 20 60 46 61 96 9 95 45 41 37 79 67 5 67 40 80 85 47 62 1 89 35 21 25 57 25 88 76 74 71 57 45 82 54 5 78 62 99 22 55 88 1 73 44 19 64 23 4 10 36 56 50 71 76 74 27 100 13 54 25 84 62 69 65 15 73 94 29 24 68 83 11 20 7 54 38 70 29 41 31 64 96 80 34 72 53 61 23 65 66 48 48 28 16 65 42 41 58 70 64 25 4 26 44 10 31 82 79 59 74 61 75 70 40 8 93 92 20 15 9 86
858 410634
527 410152
488 410860
498 410178
566 410441
486 410157
198 410218
207 410848
883 410125
579 410446
344 410651
79 410857
412 410629
851 410158
738 410587
761 410185
522 410491
500 410770
390 410783
795 410825
986 20
92 16 48 45 56 92 79 26 46 39 57 74 19 80 61 92 46 68 31 68 60 31 49 16 13 2 26 15 88 14 2 80 29 1 24 36 92 55 14 89 45 22 14 15 1 27 58 46 94 88 65 54 19 66 21 83 19 98 97 7 12 98 38 40 51 13 28 42 19 41 83 63 62 48 30 15 74 87 12 68 27 77 73 45 94 93 79 12 91 75 18 54 25 55 93 75 20 72 68 38 12 2 53 26 50 82 40 23 20 51 42 46 79 14 42 24 59 72 36 1 47 5 54 23 12 98 49 31 70 68 68 33 70 20 58 71 53 49 45 25 52 87 70 82 52 64 6 10 35 41 62 33 45 15 7 8 65 55 38 86 75 6 18 96 77 28 66 82 76 10 6 27 48 27 61 100 90 66 61 77 58 23 61 54 89 68 62 5 22 99 90 48 56 8 43 85 87 8 66 62 70 71 41 17 97 53 16 39 18 29 67 75 51 27 28 91 94 41 96 68 40 37 15 47 96 58 31 82 17 96 96 86 18 88 3 67 40 70 57 57 98 23 83 100 1 62 91 95 3 38 14 94 74 28 40 70 37 23 51 54 18 98 91 88 85 93 54 24 15 62 80 64 84 14 64 36 76 6 30 30 43 95 23 68 75 14 89 11 36 92 16 6 89 7 45 74 51 50 97 65 11 29 29 46 42 44 81 69 49 63 98 43 57 72 62 31 38 51 42 25 42 9 30 30 15 26 55 18 75 52 82 85 32 62 82 73 57 63 94 5 25 43 99 81 67 61 12 4 11 5 28 52 13 10 33 80 35 88 97 62 91 30 46 22 92 80 46 48 42 39 5 18 34 3 98 100 15 61 55 25 17 82 28 30 43 13 9 30 52 57 91 42 86 88 15 29 67 60 29 60 51 33 77 36 87 75 35 2 87 89 78 4 22 6 33 65 70 93 46 21 49 36 62 86 75 76 15 42 87 43 1 89 27 78 24 13 4 58 66 90 98 44 45 20 1 29 36 70 21 33 42 21 68 3 7 94 30 73 35 68 15 88 57 93 17 80 57 72 90 23 13 87 18 58 58 70 86 45 91 59 77 32 79 96 86 37 90 67 9 76 34 75 15 90 67 31 22 24 2 63 98 67 49 15 24 59 36 9 55 26 67 84 57 98 31 42 86 20 8 47 48 41 73 62 83 92 45 56 67 98 18 64 64 18 30 87 28 65 48 83 90 66 18 46 15 48 39 1 20 46 47 19 38 71 80 72 62 76 79 28 74 96 43 37 66 72 76 93 88 23 27 77 40 44 74 55 44 12 55 63 9 53 81 99 23 12 22 37 88 1 64 61 96 7 49 61 30 24 6 18 98 32 46 38 28 20 92 71 83 98 85 44 50 17 42 24 28 63 60 67 15 76 79 11 34 28 23 63 51 80 80 49 64 26 86 91 97 77 13 31 74 49 74 75 65 67 50 44 82 62 63 96 89 41 58 22 68 33 84 19 12 16 19 75 41 4 17 89 32 81 19 57 29 45 83 45 63 84 41 44 45 3 92 33 43 49 54 11 81 90 81 93 5 51 19 97 6 88 85 89 68 55 45 49 99 79 45 62 62 85 57 7 39 48 91 82 97 97 44 29 86 76 73 90 26 92 86 83 79 22 71 98 76 15 46 75 45 43 88 6 27 44 64 18 44 55 51 40 51 46 68 88 21 93 77 98 84 14 80 14 35 50 63 10 16 9 36 12 3 23 17 29 19 81 46 62 87 48 53 89 93 72 76 13 64 4 62 99 17 93 64 51 94 27 60 61 87 96 72 89 70 89 69 40 21 67 53 59 14 57 47 7 29 74 71 44 77 33 95 93 77 58 43 71 84 2 31 70 49 3 58 19 43 27 10 15 45 63 73 58 19 71 64 99 44 35 95 20 19 89 64 95 46 6 65 82 59 48 51 60 2 61 30 96 39 39 10 83 1 34 92 72 4 56 70 99 42 16 18 60 4 33 6 2 38 71 83 48 70 85 7 71 97 36 18 87 27 27 69 79 60 13 50 15 68 72 13 61 87 82 20 43 14 25 44 3 47 78 2 68 62 61 90 11 48 7 97 74 33 18 53 44 30 54 10 49 25 22 9 64 55 80 6 20 56 1 22 3 78 76 22 91 36 12 53 83 18 50 57 3 67 61 98 48 66 8 96 43 81 4 6 36 83 63 55 38 15 29 92 44 4 14 34 39 77 87
589 485972
676 485653
752 485842
395 486360
913 486133
545 486484
191 486395
69 485796
4 485661
642 486413
400 485924
811 485866
865 485826
15 485864
374 486185
892 485928
728 486309
319 486098
46 485879
427 485634
946 20
97 43 95 29 45 52 49 81 71 23 7 4 77 76 80 34 10 42 29 20 41 96 75 28 96 74 19 85 70 15 83 66 57 30 47 2 81 47 34 52 69 92 55 45 19 35 30 80 76 58 51 16 5 26 95 1 99 66 37 21 80 19 38 36 48 36 89 29 82 75 32 50 18 86 46 37 72 75 16 99 84 67 67 89 92 61 41 42 26 77 14 5 47 52 93 95 87 33 75 69 7 6 70 25 43 68 13 15 42 80 65 26 98 31 66 89 44 6 83 69 34 48 26 80 99 70 26 38 2 100 58 61 57 27 85 100 94 49 66 88 28 30 65 26 13 82 66 56 87 100 24 72 48 1 51 98 70 77 35 72 28 92 32 85 19 68 36 64 68 53 51 95 34 67 72 46 48 38 53 86 89 29 57 36 29 60 34 51 88 68 74 15 12 5 51 82 24 38 45 43 42 48 37 76 14 61 73 14 98 78 99 86 6 56 74 86 67 7 36 54 26 9 68 37 65 71 18 40 60 15 82 2 62 19 29 27 79 1 40 28 30 91 65 35 46 38 21 64 96 56 17 22 65 36 10 81 6 80 21 66 94 2 67 7 72 47 33 2 47 25 29 77 15 46 63 12 83 83 75 31 91 91 4 7 78 13 87 84 92 7 1 37 9 19 43 80 65 28 82 63 4 62 91 18 7 54 81 42 88 55 24 78 97 27 36 74 91 23 9 35 81 9 71 89 79 66 21 43 93 54 58 96 15 48 65 74 53 45 67 41 51 90 70 99 68 6 24 58 80 33 92 60 93 15 1 24 80 21 66 24 26 23 71 92 23 87 65 75 31 83 15 33 24 37 31 91 94 6 49 73 90 92 32 83 6 84 6 37 4 23 60 81 98 82 73 20 68 89 94 50 72 9 82 47 97 64 38 90 70 38 62 59 29 45 93 87 29 50 23 84 73 83 65 22 16 89 41 84 77 34 33 100 94 15 47 90 30 84 79 99 73 92 10 1 89 54 87 17 4 62 52 28 44 68 49 59 56 89 94 85 74 27 84 20 93 30 9 22 65 40 73 37 83 82 90 71 35 28 87 90 89 91 17 84 10 17 95 66 57 88 2 31 14 85 2 6 67 10 28 83 1 100 72 84 33 61 54 19 40 93 61 29 35 29 12 44 46 6 61 2 94 62 84 59 99 85 65 65 47 44 99 99 95 70 82 79 82 88 97 22 32 57 50 66 38 13 9 83 71 70 36 16 83 72 74 81 8 90 97 54 33 96 5 79 17 86 57 99 25 54 72 56 62 73 21 99 85 82 33 7 51 69 22 33 92 96 66 99 85 62 5 70 57 9 48 74 46 5 24 71 10 47 26 23 19 99 22 55 80 6 62 82 74 83 66 17 30 31 16 15 93 20 84 1 28 83 26 73 87 1 95 96 47 73 19 65 71 92 72 2 97 33 35 23 67 100 39 97 83 6 63 27 25 98 27 4 80 53 29 19 53 23 66 52 95 36 16 17 27 39 18 76 23 4 50 90 56 40 38 38 98 100 64 22 49 90 78 80 94 6 98 99 80 64 50 75 99 17 43 78 56 61 5 78 16 6 19 71 45 8 8 42 59 23 16 7 65 45 87 58 50 84 56 81 99 57 55 50 74 98 27 81 10 83 10 77 88 29 48 84 88 7 78 47 30 45 53 94 89 39 3 90 75 11 70 73 67 77 22 92 26 100 72 35 34 34 63 21 14 10 57 1 17 86 47 98 30 100 91 70 90 93 11 16 3 32 41 22 8 14 13 33 14 37 19 47 70 82 20 35 43 28 35 11 13 82 8 94 33 98 63 74 43 25 90 97 56 30 70 64 95 35 48 8 71 19 7 92 52 78 26 46 5 12 57 69 45 64 62 29 14 76 3 56 100 44 4 7 25 74 22 19 8 70 79 30 40 85 73 43 14 50 88 70 61 44 38 58 60 51 86 73 78 88 80 29 83 35 35 7 8 57 78 67 78 56 48 69 92 72 11 5 21 50 26 34 46 15 91 5 17 28 77 94 68 8 22 50 42 8 9 2 64 86 20 41 41 68 9 84 39 71 88 12 21 65 45 66 79 87 22 95 14 98 40 33 57 61 83 98 20 91 99 84 28 71
914 447628
402 447801
479 447396
919 447386
565 447345
392 447241
308 447502
145 447201
230 447373
534 447479
49 447898
809 447651
904 447172
77 447590
939 447494
916 447025
741 447827
91 447659
641 447189
818 446993
